-1.000000 -1.000000 -1.000000 
-0.875000 -1.000000 -1.000000 
-0.750000 -1.000000 -1.000000 
-0.625000 -1.000000 -1.000000 
-0.500000 -1.000000 -0.834677 
-0.375000 -1.000000 -1.000000 
-0.250000 -1.000000 -1.000000 
-0.125000 -1.000000 -1.000000 
0.000000 -1.000000 -1.000000 
0.125000 -1.000000 -1.000000 
0.250000 -1.000000 -1.000000 
0.375000 -1.000000 -1.000000 
0.500000 -1.000000 -1.000000 
0.625000 -1.000000 -1.000000 
0.750000 -1.000000 -0.996281 
0.875000 -1.000000 -1.000000 
-1.000000 -0.875000 -1.000000 
-0.875000 -0.875000 0.233890 
-0.750000 -0.875000 0.286296 
-0.625000 -0.875000 0.371019 
-0.500000 -0.875000 0.430967 
-0.375000 -0.875000 0.500247 
-0.250000 -0.875000 0.564137 
-0.125000 -0.875000 0.532994 
0.000000 -0.875000 0.482157 
0.125000 -0.875000 0.469136 
0.250000 -0.875000 0.485947 
0.375000 -0.875000 0.402915 
0.500000 -0.875000 0.331505 
0.625000 -0.875000 0.275484 
0.750000 -0.875000 0.226346 
0.875000 -0.875000 -0.512251 
-1.000000 -0.750000 -1.000000 
-0.875000 -0.750000 0.251065 
-0.750000 -0.750000 0.305215 
-0.625000 -0.750000 0.362247 
-0.500000 -0.750000 0.455899 
-0.375000 -0.750000 0.560268 
-0.250000 -0.750000 0.663859 
-0.125000 -0.750000 0.632552 
0.000000 -0.750000 0.685708 
0.125000 -0.750000 0.573118 
0.250000 -0.750000 0.566562 
0.375000 -0.750000 0.510408 
0.500000 -0.750000 0.458060 
0.625000 -0.750000 0.411705 
0.750000 -0.750000 0.377583 
0.875000 -0.750000 -0.353097 
-1.000000 -0.625000 -1.000000 
-0.875000 -0.625000 0.226211 
-0.750000 -0.625000 0.288001 
-0.625000 -0.625000 0.348802 
-0.500000 -0.625000 0.448115 
-0.375000 -0.625000 0.538766 
-0.250000 -0.625000 0.769929 
-0.125000 -0.625000 0.718280 
0.000000 -0.625000 0.772449 
0.125000 -0.625000 0.771063 
0.250000 -0.625000 0.661250 
0.375000 -0.625000 0.608823 
0.500000 -0.625000 0.564307 
0.625000 -0.625000 0.513153 
0.750000 -0.625000 0.476440 
0.875000 -0.625000 -0.727321 
-1.000000 -0.500000 -1.000000 
-0.875000 -0.500000 0.227202 
-0.750000 -0.500000 0.254623 
-0.625000 -0.500000 0.330918 
-0.500000 -0.500000 0.428416 
-0.375000 -0.500000 0.375245 
-0.250000 -0.500000 0.883430 
-0.125000 -0.500000 0.846734 
0.000000 -0.500000 0.938371 
0.125000 -0.500000 0.998322 
0.250000 -0.500000 0.866208 
0.375000 -0.500000 0.607545 
0.500000 -0.500000 0.373893 
0.625000 -0.500000 0.513115 
0.750000 -0.500000 0.521158 
0.875000 -0.500000 -0.991068 
-1.000000 -0.375000 -1.000000 
-0.875000 -0.375000 0.210151 
-0.750000 -0.375000 0.245450 
-0.625000 -0.375000 0.294256 
-0.500000 -0.375000 0.364556 
-0.375000 -0.375000 -0.034040 
-0.250000 -0.375000 1.177522 
-0.125000 -0.375000 1.216206 
0.000000 -0.375000 1.278368 
0.125000 -0.375000 1.145589 
0.250000 -0.375000 1.195835 
0.375000 -0.375000 1.055624 
0.500000 -0.375000 -0.100342 
0.625000 -0.375000 0.515974 
0.750000 -0.375000 0.520247 
0.875000 -0.375000 -0.793456 
-1.000000 -0.250000 -1.000000 
-0.875000 -0.250000 0.198388 
-0.750000 -0.250000 0.220573 
-0.625000 -0.250000 0.262851 
-0.500000 -0.250000 0.318330 
-0.375000 -0.250000 -0.731314 
-0.250000 -0.250000 1.315106 
-0.125000 -0.250000 1.495943 
0.000000 -0.250000 1.576692 
0.125000 -0.250000 1.578956 
0.250000 -0.250000 1.439082 
0.375000 -0.250000 1.230099 
0.500000 -0.250000 0.012726 
0.625000 -0.250000 0.510624 
0.750000 -0.250000 0.472360 
0.875000 -0.250000 -0.279712 
-1.000000 -0.125000 -1.000000 
-0.875000 -0.125000 0.209505 
-0.750000 -0.125000 0.237963 
-0.625000 -0.125000 0.254431 
-0.500000 -0.125000 0.275821 
-0.375000 -0.125000 -0.546232 
-0.250000 -0.125000 1.249898 
-0.125000 -0.125000 1.699673 
0.000000 -0.125000 2.377824 
0.125000 -0.125000 1.326161 
0.250000 -0.125000 1.140405 
0.375000 -0.125000 0.754616 
0.500000 -0.125000 -0.031359 
0.625000 -0.125000 0.466169 
0.750000 -0.125000 0.415020 
0.875000 -0.125000 -0.484196 
-1.000000 0.000000 -1.000000 
-0.875000 0.000000 0.185430 
-0.750000 0.000000 0.258352 
-0.625000 0.000000 0.259214 
-0.500000 0.000000 0.245865 
-0.375000 0.000000 -0.818129 
-0.250000 0.000000 1.198013 
-0.125000 0.000000 1.520885 
0.000000 0.000000 1.258686 
0.125000 0.000000 1.254565 
0.250000 0.000000 0.821610 
0.375000 0.000000 0.857488 
0.500000 0.000000 -0.321372 
0.625000 0.000000 0.196457 
0.750000 0.000000 0.341481 
0.875000 0.000000 -0.724355 
-1.000000 0.125000 -1.000000 
-0.875000 0.125000 0.167819 
-0.750000 0.125000 0.266020 
-0.625000 0.125000 0.277025 
-0.500000 0.125000 0.216727 
-0.375000 0.125000 -0.582368 
-0.250000 0.125000 0.973107 
-0.125000 0.125000 0.591401 
0.000000 0.125000 0.482817 
0.125000 0.125000 0.949376 
0.250000 0.125000 0.326587 
0.375000 0.125000 0.416807 
0.500000 0.125000 -0.553759 
0.625000 0.125000 0.195824 
0.750000 0.125000 0.257686 
0.875000 0.125000 -0.255526 
-1.000000 0.250000 -1.000000 
-0.875000 0.250000 0.166217 
-0.750000 0.250000 0.227948 
-0.625000 0.250000 0.221731 
-0.500000 0.250000 0.156851 
-0.375000 0.250000 -0.686635 
-0.250000 0.250000 0.773726 
-0.125000 0.250000 0.777461 
0.000000 0.250000 0.384554 
0.125000 0.250000 0.401255 
0.250000 0.250000 0.520709 
0.375000 0.250000 0.335634 
0.500000 0.250000 -0.616392 
0.625000 0.250000 0.179091 
0.750000 0.250000 0.229542 
0.875000 0.250000 -0.212005 
-1.000000 0.375000 -1.000000 
-0.875000 0.375000 0.133895 
-0.750000 0.375000 0.170591 
-0.625000 0.375000 0.181335 
-0.500000 0.375000 -0.202329 
-0.375000 0.375000 -0.694344 
-0.250000 0.375000 0.586254 
-0.125000 0.375000 0.666846 
0.000000 0.375000 0.449185 
0.125000 0.375000 0.382888 
0.250000 0.375000 0.853664 
0.375000 0.375000 0.677104 
0.500000 0.375000 -0.466135 
0.625000 0.375000 0.212973 
0.750000 0.375000 0.203691 
0.875000 0.375000 -0.597400 
-1.000000 0.500000 -0.934991 
-0.875000 0.500000 0.129618 
-0.750000 0.500000 0.142882 
-0.625000 0.500000 0.172063 
-0.500000 0.500000 -0.101344 
-0.375000 0.500000 -0.192407 
-0.250000 0.500000 0.505695 
-0.125000 0.500000 0.478958 
0.000000 0.500000 0.406112 
0.125000 0.500000 0.490383 
0.250000 0.500000 0.738570 
0.375000 0.500000 0.645200 
0.500000 0.500000 0.543298 
0.625000 0.500000 0.429661 
0.750000 0.500000 0.353781 
0.875000 0.500000 -0.839895 
-1.000000 0.625000 -1.000000 
-0.875000 0.625000 0.118376 
-0.750000 0.625000 0.134662 
-0.625000 0.625000 0.167323 
-0.500000 0.625000 0.219600 
-0.375000 0.625000 0.298214 
-0.250000 0.625000 0.431446 
-0.125000 0.625000 0.391676 
0.000000 0.625000 0.357498 
0.125000 0.625000 0.495704 
0.250000 0.625000 0.650996 
0.375000 0.625000 0.577893 
0.500000 0.625000 0.497932 
0.625000 0.625000 0.413996 
0.750000 0.625000 0.313002 
0.875000 0.625000 -0.438700 
-1.000000 0.750000 -1.000000 
-0.875000 0.750000 0.106292 
-0.750000 0.750000 0.122278 
-0.625000 0.750000 0.149723 
-0.500000 0.750000 0.188971 
-0.375000 0.750000 0.254257 
-0.250000 0.750000 0.323883 
-0.125000 0.750000 0.349840 
0.000000 0.750000 0.321003 
0.125000 0.750000 0.429358 
0.250000 0.750000 0.572417 
0.375000 0.750000 0.503858 
0.500000 0.750000 0.432311 
0.625000 0.750000 0.363278 
0.750000 0.750000 0.407527 
0.875000 0.750000 -0.278123 
-1.000000 0.875000 -1.000000 
-0.875000 0.875000 -0.783943 
-0.750000 0.875000 -0.502648 
-0.625000 0.875000 -0.866212 
-0.500000 0.875000 -0.843176 
-0.375000 0.875000 -0.811920 
-0.250000 0.875000 -0.747054 
-0.125000 0.875000 -0.709433 
0.000000 0.875000 -0.084321 
0.125000 0.875000 -0.172828 
0.250000 0.875000 -0.178369 
0.375000 0.875000 -0.624807 
0.500000 0.875000 -0.700496 
0.625000 0.875000 -0.575755 
0.750000 0.875000 -0.773615 
0.875000 0.875000 -1.000000 
