-1.000000 -1.000000 -1.000000 
-0.875000 -1.000000 -1.000000 
-0.750000 -1.000000 -0.795792 
-0.625000 -1.000000 -0.795792 
-0.500000 -1.000000 -0.659568 
-0.375000 -1.000000 -0.659568 
-0.250000 -1.000000 -0.336789 
-0.125000 -1.000000 -0.336789 
0.000000 -1.000000 -0.210342 
0.125000 -1.000000 -0.210342 
0.250000 -1.000000 -0.636460 
0.375000 -1.000000 -0.636460 
0.500000 -1.000000 -0.554893 
0.625000 -1.000000 -0.554893 
0.750000 -1.000000 -0.627688 
0.875000 -1.000000 -0.627688 
-1.000000 -0.875000 -1.000000 
-0.875000 -0.875000 -1.000000 
-0.750000 -0.875000 -0.795792 
-0.625000 -0.875000 -0.795792 
-0.500000 -0.875000 -0.659568 
-0.375000 -0.875000 -0.659568 
-0.250000 -0.875000 -0.336789 
-0.125000 -0.875000 -0.336789 
0.000000 -0.875000 -0.210342 
0.125000 -0.875000 -0.210342 
0.250000 -0.875000 -0.636460 
0.375000 -0.875000 -0.636460 
0.500000 -0.875000 -0.554893 
0.625000 -0.875000 -0.554893 
0.750000 -0.875000 -0.627688 
0.875000 -0.875000 -0.627688 
-1.000000 -0.750000 -0.422101 
-0.875000 -0.750000 -0.422101 
-0.750000 -0.750000 0.000000 
-0.625000 -0.750000 0.000000 
-0.500000 -0.750000 -0.000000 
-0.375000 -0.750000 -0.000000 
-0.250000 -0.750000 -0.000000 
-0.125000 -0.750000 -0.000000 
0.000000 -0.750000 0.000000 
0.125000 -0.750000 0.000000 
0.250000 -0.750000 0.000000 
0.375000 -0.750000 0.000000 
0.500000 -0.750000 0.000000 
0.625000 -0.750000 0.000000 
0.750000 -0.750000 -0.132376 
0.875000 -0.750000 -0.132376 
-1.000000 -0.625000 -0.422101 
-0.875000 -0.625000 -0.422101 
-0.750000 -0.625000 0.000000 
-0.625000 -0.625000 0.000000 
-0.500000 -0.625000 -0.000000 
-0.375000 -0.625000 -0.000000 
-0.250000 -0.625000 -0.000000 
-0.125000 -0.625000 -0.000000 
0.000000 -0.625000 0.000000 
0.125000 -0.625000 0.000000 
0.250000 -0.625000 0.000000 
0.375000 -0.625000 0.000000 
0.500000 -0.625000 0.000000 
0.625000 -0.625000 0.000000 
0.750000 -0.625000 -0.132376 
0.875000 -0.625000 -0.132376 
-1.000000 -0.500000 -0.214878 
-0.875000 -0.500000 -0.214878 
-0.750000 -0.500000 -0.000000 
-0.625000 -0.500000 -0.000000 
-0.500000 -0.500000 -0.000000 
-0.375000 -0.500000 -0.000000 
-0.250000 -0.500000 -0.141468 
-0.125000 -0.500000 -0.141468 
0.000000 -0.500000 -0.478316 
0.125000 -0.500000 -0.478316 
0.250000 -0.500000 0.000000 
0.375000 -0.500000 0.000000 
0.500000 -0.500000 -0.000000 
0.625000 -0.500000 -0.000000 
0.750000 -0.500000 -0.115235 
0.875000 -0.500000 -0.115235 
-1.000000 -0.375000 -0.214878 
-0.875000 -0.375000 -0.214878 
-0.750000 -0.375000 -0.000000 
-0.625000 -0.375000 -0.000000 
-0.500000 -0.375000 -0.000000 
-0.375000 -0.375000 -0.000000 
-0.250000 -0.375000 -0.141468 
-0.125000 -0.375000 -0.141468 
0.000000 -0.375000 -0.478316 
0.125000 -0.375000 -0.478316 
0.250000 -0.375000 0.000000 
0.375000 -0.375000 0.000000 
0.500000 -0.375000 -0.000000 
0.625000 -0.375000 -0.000000 
0.750000 -0.375000 -0.115235 
0.875000 -0.375000 -0.115235 
-1.000000 -0.250000 -0.470986 
-0.875000 -0.250000 -0.470986 
-0.750000 -0.250000 -0.000000 
-0.625000 -0.250000 -0.000000 
-0.500000 -0.250000 -0.000000 
-0.375000 -0.250000 -0.000000 
-0.250000 -0.250000 -0.317289 
-0.125000 -0.250000 -0.317289 
0.000000 -0.250000 -0.115469 
0.125000 -0.250000 -0.115469 
0.250000 -0.250000 -0.000049 
0.375000 -0.250000 -0.000049 
0.500000 -0.250000 -0.000000 
0.625000 -0.250000 -0.000000 
0.750000 -0.250000 -0.053733 
0.875000 -0.250000 -0.053733 
-1.000000 -0.125000 -0.470986 
-0.875000 -0.125000 -0.470986 
-0.750000 -0.125000 -0.000000 
-0.625000 -0.125000 -0.000000 
-0.500000 -0.125000 -0.000000 
-0.375000 -0.125000 -0.000000 
-0.250000 -0.125000 -0.317289 
-0.125000 -0.125000 -0.317289 
0.000000 -0.125000 -0.115469 
0.125000 -0.125000 -0.115469 
0.250000 -0.125000 -0.000049 
0.375000 -0.125000 -0.000049 
0.500000 -0.125000 -0.000000 
0.625000 -0.125000 -0.000000 
0.750000 -0.125000 -0.053733 
0.875000 -0.125000 -0.053733 
-1.000000 0.000000 -0.308281 
-0.875000 0.000000 -0.308281 
-0.750000 0.000000 -0.000000 
-0.625000 0.000000 -0.000000 
-0.500000 0.000000 -0.000000 
-0.375000 0.000000 -0.000000 
-0.250000 0.000000 -0.580621 
-0.125000 0.000000 -0.580621 
0.000000 0.000000 -0.184506 
0.125000 0.000000 -0.184506 
0.250000 0.000000 -0.000167 
0.375000 0.000000 -0.000167 
0.500000 0.000000 -0.000000 
0.625000 0.000000 -0.000000 
0.750000 0.000000 -0.125274 
0.875000 0.000000 -0.125274 
-1.000000 0.125000 -0.308281 
-0.875000 0.125000 -0.308281 
-0.750000 0.125000 -0.000000 
-0.625000 0.125000 -0.000000 
-0.500000 0.125000 -0.000000 
-0.375000 0.125000 -0.000000 
-0.250000 0.125000 -0.580621 
-0.125000 0.125000 -0.580621 
0.000000 0.125000 -0.184506 
0.125000 0.125000 -0.184506 
0.250000 0.125000 -0.000167 
0.375000 0.125000 -0.000167 
0.500000 0.125000 -0.000000 
0.625000 0.125000 -0.000000 
0.750000 0.125000 -0.125274 
0.875000 0.125000 -0.125274 
-1.000000 0.250000 -0.022696 
-0.875000 0.250000 -0.022696 
-0.750000 0.250000 -0.000000 
-0.625000 0.250000 -0.000000 
-0.500000 0.250000 -0.000000 
-0.375000 0.250000 -0.000000 
-0.250000 0.250000 -0.000000 
-0.125000 0.250000 -0.000000 
0.000000 0.250000 -0.001102 
0.125000 0.250000 -0.001102 
0.250000 0.250000 0.000000 
0.375000 0.250000 0.000000 
0.500000 0.250000 0.000000 
0.625000 0.250000 0.000000 
0.750000 0.250000 -0.045403 
0.875000 0.250000 -0.045403 
-1.000000 0.375000 -0.022696 
-0.875000 0.375000 -0.022696 
-0.750000 0.375000 -0.000000 
-0.625000 0.375000 -0.000000 
-0.500000 0.375000 -0.000000 
-0.375000 0.375000 -0.000000 
-0.250000 0.375000 -0.000000 
-0.125000 0.375000 -0.000000 
0.000000 0.375000 -0.001102 
0.125000 0.375000 -0.001102 
0.250000 0.375000 0.000000 
0.375000 0.375000 0.000000 
0.500000 0.375000 0.000000 
0.625000 0.375000 0.000000 
0.750000 0.375000 -0.045403 
0.875000 0.375000 -0.045403 
-1.000000 0.500000 -0.116764 
-0.875000 0.500000 -0.116764 
-0.750000 0.500000 -0.000000 
-0.625000 0.500000 -0.000000 
-0.500000 0.500000 -0.000000 
-0.375000 0.500000 -0.000000 
-0.250000 0.500000 -0.000000 
-0.125000 0.500000 -0.000000 
0.000000 0.500000 0.000000 
0.125000 0.500000 0.000000 
0.250000 0.500000 0.000000 
0.375000 0.500000 0.000000 
0.500000 0.500000 0.000000 
0.625000 0.500000 0.000000 
0.750000 0.500000 -0.058370 
0.875000 0.500000 -0.058370 
-1.000000 0.625000 -0.116764 
-0.875000 0.625000 -0.116764 
-0.750000 0.625000 -0.000000 
-0.625000 0.625000 -0.000000 
-0.500000 0.625000 -0.000000 
-0.375000 0.625000 -0.000000 
-0.250000 0.625000 -0.000000 
-0.125000 0.625000 -0.000000 
0.000000 0.625000 0.000000 
0.125000 0.625000 0.000000 
0.250000 0.625000 0.000000 
0.375000 0.625000 0.000000 
0.500000 0.625000 0.000000 
0.625000 0.625000 0.000000 
0.750000 0.625000 -0.058370 
0.875000 0.625000 -0.058370 
-1.000000 0.750000 -0.731312 
-0.875000 0.750000 -0.731312 
-0.750000 0.750000 -0.193800 
-0.625000 0.750000 -0.193800 
-0.500000 0.750000 -0.589097 
-0.375000 0.750000 -0.589097 
-0.250000 0.750000 -0.378087 
-0.125000 0.750000 -0.378087 
0.000000 0.750000 -0.765687 
0.125000 0.750000 -0.765687 
0.250000 0.750000 -1.000000 
0.375000 0.750000 -1.000000 
0.500000 0.750000 -0.513940 
0.625000 0.750000 -0.513940 
0.750000 0.750000 -0.720058 
0.875000 0.750000 -0.720058 
-1.000000 0.875000 -0.731312 
-0.875000 0.875000 -0.731312 
-0.750000 0.875000 -0.193800 
-0.625000 0.875000 -0.193800 
-0.500000 0.875000 -0.589097 
-0.375000 0.875000 -0.589097 
-0.250000 0.875000 -0.378087 
-0.125000 0.875000 -0.378087 
0.000000 0.875000 -0.765687 
0.125000 0.875000 -0.765687 
0.250000 0.875000 -1.000000 
0.375000 0.875000 -1.000000 
0.500000 0.875000 -0.513940 
0.625000 0.875000 -0.513940 
0.750000 0.875000 -0.720058 
0.875000 0.875000 -0.720058 
