-1.000000 -1.000000 0.158373 
-0.875000 -1.000000 0.146883 
-0.750000 -1.000000 0.136309 
-0.625000 -1.000000 0.126715 
-0.500000 -1.000000 0.118139 
-0.375000 -1.000000 0.110589 
-0.250000 -1.000000 0.104042 
-0.125000 -1.000000 0.098445 
0.000000 -1.000000 0.093715 
0.125000 -1.000000 0.089744 
0.250000 -1.000000 0.086406 
0.375000 -1.000000 0.083559 
0.500000 -1.000000 0.081054 
0.625000 -1.000000 0.078744 
0.750000 -1.000000 0.076485 
0.875000 -1.000000 0.074150 
-1.000000 -0.875000 0.151543 
-0.875000 -0.875000 0.141091 
-0.750000 -0.875000 0.131604 
-0.625000 -0.875000 0.123125 
-0.500000 -0.875000 0.115671 
-0.375000 -0.875000 0.109224 
-0.250000 -0.875000 0.103740 
-0.125000 -0.875000 0.099142 
0.000000 -0.875000 0.095327 
0.125000 -0.875000 0.092172 
0.250000 -0.875000 0.089537 
0.375000 -0.875000 0.087274 
0.500000 -0.875000 0.085232 
0.625000 -0.875000 0.083266 
0.750000 -0.875000 0.081241 
0.875000 -0.875000 0.079041 
-1.000000 -0.750000 0.144826 
-0.875000 -0.750000 0.135478 
-0.750000 -0.750000 0.127129 
-0.625000 -0.750000 0.119801 
-0.500000 -0.750000 0.113485 
-0.375000 -0.750000 0.108143 
-0.250000 -0.750000 0.103705 
-0.125000 -0.750000 0.100074 
0.000000 -0.750000 0.097129 
0.125000 -0.750000 0.094734 
0.250000 -0.750000 0.092740 
0.375000 -0.750000 0.090994 
0.500000 -0.750000 0.089349 
0.625000 -0.750000 0.087666 
0.750000 -0.750000 0.085821 
0.875000 -0.750000 0.083709 
-1.000000 -0.625000 0.138242 
-0.875000 -0.625000 0.130694 
-0.750000 -0.625000 0.124101 
-0.625000 -0.625000 0.118134 
-0.500000 -0.625000 0.112846 
-0.375000 -0.625000 0.108273 
-0.250000 -0.625000 0.104425 
-0.125000 -0.625000 0.101285 
0.000000 -0.625000 0.099061 
0.125000 -0.625000 0.097364 
0.250000 -0.625000 0.095945 
0.375000 -0.625000 0.094651 
0.500000 -0.625000 0.093660 
0.625000 -0.625000 0.092917 
0.750000 -0.625000 0.092092 
0.875000 -0.625000 0.091039 
-1.000000 -0.500000 0.133190 
-0.875000 -0.500000 0.126974 
-0.750000 -0.500000 0.121365 
-0.625000 -0.500000 0.116421 
-0.500000 -0.500000 0.112185 
-0.375000 -0.500000 0.108673 
-0.250000 -0.500000 0.105875 
-0.125000 -0.500000 0.103752 
0.000000 -0.500000 0.102238 
0.125000 -0.500000 0.101237 
0.250000 -0.500000 0.100628 
0.375000 -0.500000 0.100275 
0.500000 -0.500000 0.100025 
0.625000 -0.500000 0.099722 
0.750000 -0.500000 0.099215 
0.875000 -0.500000 0.098363 
-1.000000 -0.375000 0.128264 
-0.875000 -0.375000 0.123040 
-0.750000 -0.375000 0.118469 
-0.625000 -0.375000 0.114598 
-0.500000 -0.375000 0.111451 
-0.375000 -0.375000 0.109025 
-0.250000 -0.375000 0.107289 
-0.125000 -0.375000 0.106182 
0.000000 -0.375000 0.105614 
0.125000 -0.375000 0.105471 
0.250000 -0.375000 0.105615 
0.375000 -0.375000 0.105897 
0.500000 -0.375000 0.106158 
0.625000 -0.375000 0.106241 
0.750000 -0.375000 0.105999 
0.875000 -0.375000 0.105301 
-1.000000 -0.250000 0.123060 
-0.875000 -0.250000 0.118883 
-0.750000 -0.250000 0.115400 
-0.625000 -0.250000 0.112641 
-0.500000 -0.250000 0.110611 
-0.375000 -0.250000 0.109287 
-0.250000 -0.250000 0.108614 
-0.125000 -0.250000 0.108508 
0.000000 -0.250000 0.108860 
0.125000 -0.250000 0.109535 
0.250000 -0.250000 0.110384 
0.375000 -0.250000 0.111246 
0.500000 -0.250000 0.111962 
0.625000 -0.250000 0.112376 
0.750000 -0.250000 0.112351 
0.875000 -0.250000 0.111767 
-1.000000 -0.125000 0.117573 
-0.875000 -0.125000 0.114492 
-0.750000 -0.125000 0.112137 
-0.625000 -0.125000 0.110521 
-0.500000 -0.125000 0.109627 
-0.375000 -0.125000 0.109408 
-0.250000 -0.125000 0.109787 
-0.125000 -0.125000 0.110659 
0.000000 -0.125000 0.111893 
0.125000 -0.125000 0.113340 
0.250000 -0.125000 0.114839 
0.375000 -0.125000 0.116225 
0.500000 -0.125000 0.117338 
0.625000 -0.125000 0.118032 
0.750000 -0.125000 0.118180 
0.875000 -0.125000 0.117677 
-1.000000 0.000000 0.111798 
-0.875000 0.000000 0.109854 
-0.750000 0.000000 0.108659 
-0.625000 0.000000 0.108205 
-0.500000 0.000000 0.108452 
-0.375000 0.000000 0.109330 
-0.250000 0.000000 0.110739 
-0.125000 0.000000 0.112553 
0.000000 0.000000 0.114624 
0.125000 0.000000 0.116788 
0.250000 0.000000 0.118879 
0.375000 0.000000 0.120731 
0.500000 0.000000 0.122188 
0.625000 0.000000 0.123114 
0.750000 0.000000 0.123397 
0.875000 0.000000 0.122949 
-1.000000 0.125000 0.105730 
-0.875000 0.125000 0.104954 
-0.750000 0.125000 0.104938 
-0.625000 0.125000 0.105653 
-0.500000 0.125000 0.107035 
-0.375000 0.125000 0.108990 
-0.250000 0.125000 0.111396 
-0.125000 0.125000 0.114107 
0.000000 0.125000 0.116960 
0.125000 0.125000 0.119783 
0.250000 0.125000 0.122406 
0.375000 0.125000 0.124665 
0.500000 0.125000 0.126414 
0.625000 0.125000 0.127530 
0.750000 0.125000 0.127916 
0.875000 0.125000 0.127505 
-1.000000 0.250000 0.099363 
-0.875000 0.250000 0.099774 
-0.750000 0.250000 0.100945 
-0.625000 0.250000 0.102823 
-0.500000 0.250000 0.105320 
-0.375000 0.250000 0.108319 
-0.250000 0.250000 0.111677 
-0.125000 0.250000 0.115230 
0.000000 0.250000 0.118805 
0.125000 0.250000 0.122224 
0.250000 0.250000 0.125317 
0.375000 0.250000 0.127928 
0.500000 0.250000 0.129922 
0.625000 0.250000 0.131191 
0.750000 0.250000 0.131657 
0.875000 0.250000 0.131269 
-1.000000 0.375000 0.092692 
-0.875000 0.375000 0.094295 
-0.750000 0.375000 0.096647 
-0.625000 0.375000 0.099668 
-0.500000 0.375000 0.103248 
-0.375000 0.375000 0.107245 
-0.250000 0.375000 0.111499 
-0.125000 0.375000 0.115832 
0.000000 0.375000 0.120063 
0.125000 0.375000 0.124013 
0.250000 0.375000 0.127516 
0.375000 0.375000 0.130425 
0.500000 0.375000 0.132621 
0.625000 0.375000 0.134013 
0.750000 0.375000 0.134540 
0.875000 0.375000 0.134171 
-1.000000 0.500000 0.085709 
-0.875000 0.500000 0.088497 
-0.750000 0.500000 0.092008 
-0.625000 0.500000 0.096139 
-0.500000 0.500000 0.100754 
-0.375000 0.500000 0.105693 
-0.250000 0.500000 0.110778 
-0.125000 0.500000 0.115823 
0.000000 0.500000 0.120640 
0.125000 0.500000 0.125054 
0.250000 0.500000 0.128907 
0.375000 0.500000 0.132066 
0.500000 0.500000 0.134427 
0.625000 0.500000 0.135916 
0.750000 0.500000 0.136493 
0.875000 0.500000 0.136144 
-1.000000 0.625000 0.078686 
-0.875000 0.625000 0.082728 
-0.750000 0.625000 0.087062 
-0.625000 0.625000 0.092185 
-0.500000 0.625000 0.097776 
-0.375000 0.625000 0.103589 
-0.250000 0.625000 0.109432 
-0.125000 0.625000 0.115113 
0.000000 0.625000 0.120445 
0.125000 0.625000 0.125257 
0.250000 0.625000 0.129404 
0.375000 0.625000 0.132767 
0.500000 0.625000 0.135260 
0.625000 0.625000 0.136829 
0.750000 0.625000 0.137449 
0.875000 0.625000 0.137125 
-1.000000 0.750000 0.072710 
-0.875000 0.750000 0.077778 
-0.750000 0.750000 0.083001 
-0.625000 0.750000 0.088196 
-0.500000 0.750000 0.094251 
-0.375000 0.750000 0.100860 
-0.250000 0.750000 0.107381 
-0.125000 0.750000 0.113619 
0.000000 0.750000 0.119392 
0.125000 0.750000 0.124538 
0.250000 0.750000 0.128925 
0.375000 0.750000 0.132452 
0.500000 0.750000 0.135050 
0.625000 0.750000 0.136684 
0.750000 0.750000 0.137346 
0.875000 0.750000 0.137057 
-1.000000 0.875000 0.066533 
-0.875000 0.875000 0.072552 
-0.750000 0.875000 0.078587 
-0.625000 0.875000 0.084459 
-0.500000 0.875000 0.090120 
-0.375000 0.875000 0.097437 
-0.250000 0.875000 0.104550 
-0.125000 0.875000 0.111264 
0.000000 0.875000 0.117404 
0.125000 0.875000 0.122821 
0.250000 0.875000 0.127399 
0.375000 0.875000 0.131053 
0.500000 0.875000 0.133734 
0.625000 0.875000 0.135423 
0.750000 0.875000 0.136130 
0.875000 0.875000 0.135888 
