-1.000000 -1.000000 1.211605 
-0.875000 -1.000000 1.142921 
-0.750000 -1.000000 0.797892 
-0.625000 -1.000000 0.559213 
-0.500000 -1.000000 0.391732 
-0.375000 -1.000000 0.274330 
-0.250000 -1.000000 0.192100 
-0.125000 -1.000000 0.134520 
0.000000 -1.000000 0.094171 
0.125000 -1.000000 0.065904 
0.250000 -1.000000 0.046107 
0.375000 -1.000000 0.032247 
0.500000 -1.000000 0.022546 
0.625000 -1.000000 0.015769 
0.750000 -1.000000 0.011029 
0.875000 -1.000000 0.006169 
-1.000000 -0.875000 0.371562 
-0.875000 -0.875000 1.217454 
-0.750000 -0.875000 0.967571 
-0.625000 -0.875000 0.678982 
-0.500000 -0.875000 0.476052 
-0.375000 -0.875000 0.333039 
-0.250000 -0.875000 0.232779 
-0.125000 -0.875000 0.162665 
0.000000 -0.875000 0.113719 
0.125000 -0.875000 0.079532 
0.250000 -0.875000 0.055636 
0.375000 -0.875000 0.038926 
0.500000 -0.875000 0.027239 
0.625000 -0.875000 0.019061 
0.750000 -0.875000 0.013340 
0.875000 -0.875000 0.007008 
-1.000000 -0.750000 0.671965 
-0.875000 -0.750000 0.958936 
-0.750000 -0.750000 1.221484 
-0.625000 -0.750000 0.961554 
-0.500000 -0.750000 0.672257 
-0.375000 -0.750000 0.470184 
-0.250000 -0.750000 0.329037 
-0.125000 -0.750000 0.230288 
0.000000 -0.750000 0.161130 
0.125000 -0.750000 0.112746 
0.250000 -0.750000 0.078880 
0.375000 -0.750000 0.055181 
0.500000 -0.750000 0.038607 
0.625000 -0.750000 0.027010 
0.750000 -0.750000 0.018898 
0.875000 -0.750000 0.010246 
-1.000000 -0.625000 0.480091 
-0.875000 -0.625000 0.681608 
-0.750000 -0.625000 0.951832 
-0.625000 -0.625000 1.207706 
-0.500000 -0.625000 0.964707 
-0.375000 -0.625000 0.684052 
-0.250000 -0.625000 0.479184 
-0.125000 -0.625000 0.334718 
0.000000 -0.625000 0.233869 
0.125000 -0.625000 0.163381 
0.250000 -0.625000 0.114192 
0.375000 -0.625000 0.079859 
0.500000 -0.625000 0.055872 
0.625000 -0.625000 0.039117 
0.750000 -0.625000 0.027405 
0.875000 -0.625000 0.014605 
-1.000000 -0.500000 0.330346 
-0.875000 -0.500000 0.470996 
-0.750000 -0.500000 0.671123 
-0.625000 -0.500000 0.952373 
-0.500000 -0.500000 1.208928 
-0.375000 -0.500000 0.954282 
-0.250000 -0.500000 0.664423 
-0.125000 -0.500000 0.467711 
0.000000 -0.500000 0.328673 
0.125000 -0.500000 0.230778 
0.250000 -0.500000 0.161960 
0.375000 -0.500000 0.113622 
0.500000 -0.500000 0.079761 
0.625000 -0.500000 0.056001 
0.750000 -0.500000 0.039293 
0.875000 -0.500000 0.020379 
-1.000000 -0.375000 0.236252 
-0.875000 -0.375000 0.336083 
-0.750000 -0.375000 0.476999 
-0.625000 -0.375000 0.674954 
-0.500000 -0.375000 0.954910 
-0.375000 -0.375000 1.216061 
-0.250000 -0.375000 0.958747 
-0.125000 -0.375000 0.676440 
0.000000 -0.375000 0.473264 
0.125000 -0.375000 0.331043 
0.250000 -0.375000 0.231686 
0.375000 -0.375000 0.162214 
0.500000 -0.375000 0.113577 
0.625000 -0.375000 0.079504 
0.750000 -0.375000 0.055637 
0.875000 -0.375000 0.031628 
-1.000000 -0.250000 0.166142 
-0.875000 -0.250000 0.236895 
-0.750000 -0.250000 0.338205 
-0.625000 -0.250000 0.483210 
-0.500000 -0.250000 0.689408 
-0.375000 -0.250000 0.971458 
-0.250000 -0.250000 1.220985 
-0.125000 -0.250000 0.957335 
0.000000 -0.250000 0.685616 
0.125000 -0.250000 0.484909 
0.250000 -0.250000 0.340805 
0.375000 -0.250000 0.238823 
0.500000 -0.250000 0.167138 
0.625000 -0.250000 0.116877 
0.750000 -0.250000 0.081734 
0.875000 -0.250000 0.043659 
-1.000000 -0.125000 0.115734 
-0.875000 -0.125000 0.165398 
-0.750000 -0.125000 0.236209 
-0.625000 -0.125000 0.336862 
-0.500000 -0.125000 0.480100 
-0.375000 -0.125000 0.684851 
-0.250000 -0.125000 0.982100 
-0.125000 -0.125000 1.223813 
0.000000 -0.125000 0.996946 
0.125000 -0.125000 0.690120 
0.250000 -0.125000 0.482798 
0.375000 -0.125000 0.337803 
0.500000 -0.125000 0.236470 
0.625000 -0.125000 0.165610 
0.750000 -0.125000 0.116007 
0.875000 -0.125000 0.064014 
-1.000000 0.000000 0.142349 
-0.875000 0.000000 0.213493 
-0.750000 0.000000 0.231930 
-0.625000 0.000000 0.217237 
-0.500000 0.000000 0.255090 
-0.375000 0.000000 0.303901 
-0.250000 0.000000 0.387563 
-0.125000 0.000000 0.522262 
0.000000 0.000000 0.671628 
0.125000 0.000000 0.497908 
0.250000 0.000000 0.336382 
0.375000 0.000000 0.289727 
0.500000 0.000000 0.243359 
0.625000 0.000000 0.180572 
0.750000 0.000000 0.157330 
0.875000 0.000000 0.144180 
-1.000000 0.125000 0.056354 
-0.875000 0.125000 0.080442 
-0.750000 0.125000 0.114830 
-0.625000 0.125000 0.163968 
-0.500000 0.125000 0.234226 
-0.375000 0.125000 0.334774 
-0.250000 0.125000 0.478857 
-0.125000 0.125000 0.685037 
0.000000 0.125000 0.975148 
0.125000 0.125000 1.226364 
0.250000 0.125000 0.972586 
0.375000 0.125000 0.682322 
0.500000 0.125000 0.478780 
0.625000 0.125000 0.335433 
0.750000 0.125000 0.234819 
0.875000 0.125000 0.125358 
-1.000000 0.250000 0.039120 
-0.875000 0.250000 0.055902 
-0.750000 0.250000 0.079906 
-0.625000 0.250000 0.114269 
-0.500000 0.250000 0.163465 
-0.375000 0.250000 0.233840 
-0.250000 0.250000 0.334174 
-0.125000 0.250000 0.476474 
0.000000 0.250000 0.675596 
0.125000 0.250000 0.949404 
0.250000 0.250000 1.219738 
0.375000 0.250000 0.984093 
0.500000 0.250000 0.673082 
0.625000 0.250000 0.469292 
0.750000 0.250000 0.328219 
0.875000 0.250000 0.166183 
-1.000000 0.375000 0.027516 
-0.875000 0.375000 0.039290 
-0.750000 0.375000 0.056106 
-0.625000 0.375000 0.080113 
-0.500000 0.375000 0.114341 
-0.375000 0.375000 0.163156 
-0.250000 0.375000 0.232738 
-0.125000 0.375000 0.331818 
0.000000 0.375000 0.473139 
0.125000 0.375000 0.674019 
0.250000 0.375000 0.957749 
0.375000 0.375000 1.197901 
0.500000 0.375000 0.973637 
0.625000 0.375000 0.693233 
0.750000 0.375000 0.487994 
0.875000 0.375000 0.248191 
-1.000000 0.500000 0.019121 
-0.875000 0.500000 0.027288 
-0.750000 0.500000 0.038933 
-0.625000 0.500000 0.055529 
-0.500000 0.500000 0.079216 
-0.375000 0.500000 0.113038 
-0.250000 0.500000 0.161346 
-0.125000 0.500000 0.230437 
0.000000 0.500000 0.329182 
0.125000 0.500000 0.469867 
0.250000 0.500000 0.668482 
0.375000 0.500000 0.947523 
0.500000 0.500000 1.206904 
0.625000 0.500000 1.001358 
0.750000 0.500000 0.693195 
0.875000 0.500000 0.341259 
-1.000000 0.625000 0.013385 
-0.875000 0.625000 0.019111 
-0.750000 0.625000 0.027285 
-0.625000 0.625000 0.038956 
-0.500000 0.625000 0.055614 
-0.375000 0.625000 0.079397 
-0.250000 0.625000 0.113335 
-0.125000 0.625000 0.161669 
0.000000 0.625000 0.230485 
0.125000 0.625000 0.328600 
0.250000 0.625000 0.468622 
0.375000 0.625000 0.669717 
0.500000 0.625000 0.963776 
0.625000 0.625000 1.203336 
0.750000 0.625000 0.998881 
0.875000 0.625000 0.478048 
-1.000000 0.750000 0.009284 
-0.875000 0.750000 0.013252 
-0.750000 0.750000 0.018922 
-0.625000 0.750000 0.027030 
-0.500000 0.750000 0.038625 
-0.375000 0.750000 0.055210 
-0.250000 0.750000 0.078940 
-0.125000 0.750000 0.112916 
0.000000 0.750000 0.161644 
0.125000 0.750000 0.231572 
0.250000 0.750000 0.331743 
0.375000 0.750000 0.476427 
0.500000 0.750000 0.688051 
0.625000 0.750000 1.004652 
0.750000 0.750000 1.211271 
0.875000 0.750000 0.654478 
-1.000000 0.875000 0.005971 
-0.875000 0.875000 0.008517 
-0.750000 0.875000 0.012154 
-0.625000 0.875000 0.017344 
-0.500000 0.875000 0.024756 
-0.375000 0.875000 0.035333 
-0.250000 0.875000 0.050445 
-0.125000 0.875000 0.072036 
0.000000 0.875000 0.102930 
0.125000 0.875000 0.147190 
0.250000 0.875000 0.210779 
0.375000 0.875000 0.302329 
0.500000 0.875000 0.433758 
0.625000 0.875000 0.622312 
0.750000 0.875000 0.898045 
0.875000 0.875000 1.141858 
