-1.000000 -1.000000 0.223926 
-0.875000 -1.000000 0.211533 
-0.750000 -1.000000 0.200960 
-0.625000 -1.000000 0.191026 
-0.500000 -1.000000 0.181331 
-0.375000 -1.000000 0.172027 
-0.250000 -1.000000 0.163259 
-0.125000 -1.000000 0.157198 
0.000000 -1.000000 0.152949 
0.125000 -1.000000 0.150181 
0.250000 -1.000000 0.148779 
0.375000 -1.000000 0.148556 
0.500000 -1.000000 0.149263 
0.625000 -1.000000 0.150610 
0.750000 -1.000000 0.152282 
0.875000 -1.000000 0.153965 
-1.000000 -0.875000 0.223086 
-0.875000 -0.875000 0.211643 
-0.750000 -0.875000 0.202595 
-0.625000 -0.875000 0.193748 
-0.500000 -0.875000 0.185095 
-0.375000 -0.875000 0.176764 
-0.250000 -0.875000 0.168880 
-0.125000 -0.875000 0.161706 
0.000000 -0.875000 0.157913 
0.125000 -0.875000 0.155506 
0.250000 -0.875000 0.154362 
0.375000 -0.875000 0.154293 
0.500000 -0.875000 0.155049 
0.625000 -0.875000 0.156346 
0.750000 -0.875000 0.157878 
0.875000 -0.875000 0.159345 
-1.000000 -0.750000 0.221413 
-0.875000 -0.750000 0.211015 
-0.750000 -0.750000 0.203137 
-0.625000 -0.750000 0.195455 
-0.500000 -0.750000 0.187934 
-0.375000 -0.750000 0.180680 
-0.250000 -0.750000 0.173790 
-0.125000 -0.750000 0.167346 
0.000000 -0.750000 0.162662 
0.125000 -0.750000 0.160636 
0.250000 -0.750000 0.159757 
0.375000 -0.750000 0.159834 
0.500000 -0.750000 0.160623 
0.625000 -0.750000 0.161847 
0.750000 -0.750000 0.163213 
0.875000 -0.750000 0.164440 
-1.000000 -0.625000 0.218848 
-0.875000 -0.625000 0.209586 
-0.750000 -0.625000 0.202532 
-0.625000 -0.625000 0.196074 
-0.500000 -0.625000 0.189759 
-0.375000 -0.625000 0.183668 
-0.250000 -0.625000 0.177869 
-0.125000 -0.625000 0.172418 
0.000000 -0.625000 0.167341 
0.125000 -0.625000 0.165504 
0.250000 -0.625000 0.164897 
0.375000 -0.625000 0.165116 
0.500000 -0.625000 0.165923 
0.625000 -0.625000 0.167053 
0.750000 -0.625000 0.168230 
0.875000 -0.625000 0.169194 
-1.000000 -0.500000 0.215348 
-0.875000 -0.500000 0.207302 
-0.750000 -0.500000 0.200747 
-0.625000 -0.500000 0.195558 
-0.500000 -0.500000 0.190505 
-0.375000 -0.500000 0.185645 
-0.250000 -0.500000 0.181018 
-0.125000 -0.500000 0.176648 
0.000000 -0.500000 0.172530 
0.125000 -0.500000 0.170040 
0.250000 -0.500000 0.169718 
0.375000 -0.500000 0.170078 
0.500000 -0.500000 0.170892 
0.625000 -0.500000 0.171910 
0.750000 -0.500000 0.172878 
0.875000 -0.500000 0.173557 
-1.000000 -0.375000 0.210881 
-0.875000 -0.375000 0.204123 
-0.750000 -0.375000 0.197778 
-0.625000 -0.375000 0.193883 
-0.500000 -0.375000 0.190132 
-0.375000 -0.375000 0.186553 
-0.250000 -0.375000 0.183161 
-0.125000 -0.375000 0.179944 
0.000000 -0.375000 0.176866 
0.125000 -0.375000 0.174180 
0.250000 -0.375000 0.174157 
0.375000 -0.375000 0.174661 
0.500000 -0.375000 0.175475 
0.625000 -0.375000 0.176369 
0.750000 -0.375000 0.177111 
0.875000 -0.375000 0.177490 
-1.000000 -0.250000 0.205432 
-0.875000 -0.250000 0.200022 
-0.750000 -0.250000 0.194959 
-0.625000 -0.250000 0.191053 
-0.500000 -0.250000 0.188625 
-0.375000 -0.250000 0.186361 
-0.250000 -0.250000 0.184245 
-0.125000 -0.250000 0.182236 
0.000000 -0.250000 0.180261 
0.125000 -0.250000 0.178224 
0.250000 -0.250000 0.178154 
0.375000 -0.250000 0.178810 
0.500000 -0.250000 0.179624 
0.625000 -0.250000 0.180386 
0.750000 -0.250000 0.180891 
0.875000 -0.250000 0.180956 
-1.000000 -0.125000 0.199000 
-0.875000 -0.125000 0.194987 
-0.750000 -0.125000 0.191296 
-0.625000 -0.125000 0.188043 
-0.500000 -0.125000 0.185992 
-0.375000 -0.125000 0.185059 
-0.250000 -0.125000 0.184246 
-0.125000 -0.125000 0.183479 
0.000000 -0.125000 0.182653 
0.125000 -0.125000 0.181637 
0.250000 -0.125000 0.181652 
0.375000 -0.125000 0.182474 
0.500000 -0.125000 0.183294 
0.625000 -0.125000 0.183924 
0.750000 -0.125000 0.184187 
0.875000 -0.125000 0.183932 
-1.000000 0.000000 0.191599 
-0.875000 0.000000 0.189018 
-0.750000 0.000000 0.186742 
-0.625000 0.000000 0.184860 
-0.500000 0.000000 0.183443 
-0.375000 0.000000 0.182662 
-0.250000 0.000000 0.183160 
-0.125000 0.000000 0.183653 
0.000000 0.000000 0.184003 
0.125000 0.000000 0.184045 
0.250000 0.000000 0.184601 
0.375000 0.000000 0.185606 
0.500000 0.000000 0.186444 
0.625000 0.000000 0.186949 
0.750000 0.000000 0.186973 
0.875000 0.000000 0.186397 
-1.000000 0.125000 0.183256 
-0.875000 0.125000 0.182131 
-0.750000 0.125000 0.181300 
-0.625000 0.125000 0.180824 
-0.500000 0.125000 0.180743 
-0.375000 0.125000 0.181071 
-0.250000 0.125000 0.181789 
-0.125000 0.125000 0.182842 
0.000000 0.125000 0.184295 
0.125000 0.125000 0.185557 
0.250000 0.125000 0.186951 
0.375000 0.125000 0.188163 
0.500000 0.125000 0.189038 
0.625000 0.125000 0.189433 
0.750000 0.125000 0.189230 
0.875000 0.125000 0.188338 
-1.000000 0.250000 0.174011 
-0.875000 0.250000 0.174354 
-0.750000 0.250000 0.174985 
-0.625000 0.250000 0.175936 
-0.500000 0.250000 0.177218 
-0.375000 0.250000 0.178812 
-0.250000 0.250000 0.180669 
-0.125000 0.250000 0.182706 
0.000000 0.250000 0.184809 
0.125000 0.250000 0.186845 
0.250000 0.250000 0.188662 
0.375000 0.250000 0.190109 
0.500000 0.250000 0.191046 
0.625000 0.250000 0.191353 
0.750000 0.250000 0.190941 
0.875000 0.250000 0.189749 
-1.000000 0.375000 0.163916 
-0.875000 0.375000 0.165724 
-0.750000 0.375000 0.167821 
-0.625000 0.375000 0.170210 
-0.500000 0.375000 0.172868 
-0.375000 0.375000 0.175746 
-0.250000 0.375000 0.178763 
-0.125000 0.375000 0.181807 
0.000000 0.375000 0.184745 
0.125000 0.375000 0.187426 
0.250000 0.375000 0.189696 
0.375000 0.375000 0.191410 
0.500000 0.375000 0.192440 
0.625000 0.375000 0.192689 
0.750000 0.375000 0.192093 
0.875000 0.375000 0.190625 
-1.000000 0.500000 0.153033 
-0.875000 0.500000 0.156294 
-0.750000 0.500000 0.159848 
-0.625000 0.500000 0.163669 
-0.500000 0.500000 0.167705 
-0.375000 0.500000 0.171873 
-0.250000 0.500000 0.176059 
-0.125000 0.500000 0.180126 
0.000000 0.500000 0.183918 
0.125000 0.500000 0.187270 
0.250000 0.500000 0.190023 
0.375000 0.500000 0.192036 
0.500000 0.500000 0.193195 
0.625000 0.500000 0.193422 
0.750000 0.500000 0.192678 
0.875000 0.500000 0.190964 
-1.000000 0.625000 0.141433 
-0.875000 0.625000 0.146122 
-0.750000 0.625000 0.151111 
-0.625000 0.625000 0.156348 
-0.500000 0.625000 0.161750 
-0.375000 0.625000 0.167200 
-0.250000 0.625000 0.172556 
-0.125000 0.625000 0.177652 
0.000000 0.625000 0.182311 
0.125000 0.625000 0.186354 
0.250000 0.625000 0.189618 
0.375000 0.625000 0.191965 
0.500000 0.625000 0.193291 
0.625000 0.625000 0.193537 
0.750000 0.625000 0.192687 
0.875000 0.625000 0.190765 
-1.000000 0.750000 0.129196 
-0.875000 0.750000 0.135275 
-0.750000 0.750000 0.141668 
-0.625000 0.750000 0.148292 
-0.500000 0.750000 0.155034 
-0.375000 0.750000 0.161748 
-0.250000 0.750000 0.168261 
-0.125000 0.750000 0.174382 
0.000000 0.750000 0.179913 
0.125000 0.750000 0.184663 
0.250000 0.750000 0.188463 
0.375000 0.750000 0.191176 
0.500000 0.750000 0.192711 
0.625000 0.750000 0.193021 
0.750000 0.750000 0.192111 
0.875000 0.750000 0.190027 
-1.000000 0.875000 0.116408 
-0.875000 0.875000 0.123831 
-0.750000 0.875000 0.131582 
-0.625000 0.875000 0.139552 
-0.500000 0.875000 0.147598 
-0.375000 0.875000 0.155545 
-0.250000 0.875000 0.163192 
-0.125000 0.875000 0.170324 
0.000000 0.875000 0.176724 
0.125000 0.875000 0.182189 
0.250000 0.875000 0.186544 
0.375000 0.875000 0.189656 
0.500000 0.875000 0.191440 
0.625000 0.875000 0.191862 
0.750000 0.875000 0.190943 
0.875000 0.875000 0.188749 
