-1.000000 -1.000000 0.194536 
-0.875000 -1.000000 0.191323 
-0.750000 -1.000000 0.192032 
-0.625000 -1.000000 0.193605 
-0.500000 -1.000000 0.196125 
-0.375000 -1.000000 0.199682 
-0.250000 -1.000000 0.204363 
-0.125000 -1.000000 0.206963 
0.000000 -1.000000 0.191395 
0.125000 -1.000000 0.178293 
0.250000 -1.000000 0.167788 
0.375000 -1.000000 0.159811 
0.500000 -1.000000 0.154181 
0.625000 -1.000000 0.150664 
0.750000 -1.000000 0.143335 
0.875000 -1.000000 0.137872 
-1.000000 -0.875000 0.205535 
-0.875000 -0.875000 0.203087 
-0.750000 -0.875000 0.202243 
-0.625000 -0.875000 0.204935 
-0.500000 -0.875000 0.208646 
-0.375000 -0.875000 0.213431 
-0.250000 -0.875000 0.219336 
-0.125000 -0.875000 0.224304 
0.000000 -0.875000 0.206002 
0.125000 -0.875000 0.190553 
0.250000 -0.875000 0.178132 
0.375000 -0.875000 0.168661 
0.500000 -0.875000 0.161910 
0.625000 -0.875000 0.152626 
0.750000 -0.875000 0.143997 
0.875000 -0.875000 0.138118 
-1.000000 -0.750000 0.219796 
-0.875000 -0.750000 0.218757 
-0.750000 -0.750000 0.218281 
-0.625000 -0.750000 0.220657 
-0.500000 -0.750000 0.226218 
-0.375000 -0.750000 0.232897 
-0.250000 -0.750000 0.240646 
-0.125000 -0.750000 0.248995 
0.000000 -0.750000 0.227093 
0.125000 -0.750000 0.208461 
0.250000 -0.750000 0.193367 
0.375000 -0.750000 0.181759 
0.500000 -0.750000 0.169482 
0.625000 -0.750000 0.156021 
0.750000 -0.750000 0.146410 
0.875000 -0.750000 0.139901 
-1.000000 -0.625000 0.237886 
-0.875000 -0.625000 0.238795 
-0.750000 -0.625000 0.240604 
-0.625000 -0.625000 0.243397 
-0.500000 -0.625000 0.250135 
-0.375000 -0.625000 0.259730 
-0.250000 -0.625000 0.270293 
-0.125000 -0.625000 0.281546 
0.000000 -0.625000 0.256828 
0.125000 -0.625000 0.233805 
0.250000 -0.625000 0.214969 
0.375000 -0.625000 0.198199 
0.500000 -0.625000 0.177309 
0.625000 -0.625000 0.161927 
0.750000 -0.625000 0.150985 
0.875000 -0.625000 0.143568 
-1.000000 -0.500000 0.259884 
-0.875000 -0.500000 0.263621 
-0.750000 -0.500000 0.268704 
-0.625000 -0.500000 0.275201 
-0.500000 -0.500000 0.283084 
-0.375000 -0.500000 0.295643 
-0.250000 -0.500000 0.310635 
-0.125000 -0.500000 0.325745 
0.000000 -0.500000 0.298206 
0.125000 -0.500000 0.269117 
0.250000 -0.500000 0.245045 
0.375000 -0.500000 0.213352 
0.500000 -0.500000 0.188830 
0.625000 -0.500000 0.170888 
0.750000 -0.500000 0.158144 
0.875000 -0.500000 0.149456 
-1.000000 -0.375000 0.266562 
-0.875000 -0.375000 0.287837 
-0.750000 -0.375000 0.303095 
-0.625000 -0.375000 0.315058 
-0.500000 -0.375000 0.329159 
-0.375000 -0.375000 0.344979 
-0.250000 -0.375000 0.364683 
-0.125000 -0.375000 0.385797 
0.000000 -0.375000 0.355318 
0.125000 -0.375000 0.317895 
0.250000 -0.375000 0.273366 
0.375000 -0.375000 0.234142 
0.500000 -0.375000 0.204894 
0.625000 -0.375000 0.183593 
0.750000 -0.375000 0.168468 
0.875000 -0.375000 0.158079 
-1.000000 -0.250000 0.240301 
-0.875000 -0.250000 0.257862 
-0.750000 -0.250000 0.281664 
-0.625000 -0.250000 0.313484 
-0.500000 -0.250000 0.355264 
-0.375000 -0.250000 0.408531 
-0.250000 -0.250000 0.439161 
-0.125000 -0.250000 0.465194 
0.000000 -0.250000 0.432639 
0.125000 -0.250000 0.371781 
0.250000 -0.250000 0.309338 
0.375000 -0.250000 0.261701 
0.500000 -0.250000 0.226374 
0.625000 -0.250000 0.200724 
0.750000 -0.250000 0.182460 
0.875000 -0.250000 0.169775 
-1.000000 -0.125000 0.216156 
-0.875000 -0.125000 0.230161 
-0.750000 -0.125000 0.249621 
-0.625000 -0.125000 0.276191 
-0.500000 -0.125000 0.311837 
-0.375000 -0.125000 0.358563 
-0.250000 -0.125000 0.417481 
-0.125000 -0.125000 0.487143 
0.000000 -0.125000 0.525615 
0.125000 -0.125000 0.430467 
0.250000 -0.125000 0.354665 
0.375000 -0.125000 0.296695 
0.500000 -0.125000 0.253781 
0.625000 -0.125000 0.222642 
0.750000 -0.125000 0.200388 
0.875000 -0.125000 0.184760 
-1.000000 0.000000 0.194830 
-0.875000 0.000000 0.205674 
-0.750000 0.000000 0.221191 
-0.625000 0.000000 0.242825 
-0.500000 0.000000 0.272353 
-0.375000 0.000000 0.311767 
-0.250000 0.000000 0.362737 
-0.125000 0.000000 0.425756 
0.000000 0.000000 0.497952 
0.125000 0.000000 0.499149 
0.250000 0.000000 0.408791 
0.375000 0.000000 0.339123 
0.500000 0.000000 0.287294 
0.625000 0.000000 0.249571 
0.750000 0.000000 0.222465 
0.875000 0.000000 0.203221 
-1.000000 0.125000 0.176746 
-0.875000 0.125000 0.184959 
-0.750000 0.125000 0.197150 
-0.625000 0.125000 0.214536 
-0.500000 0.125000 0.238628 
-0.375000 0.125000 0.271138 
-0.250000 0.125000 0.313768 
-0.125000 0.125000 0.367730 
0.000000 0.125000 0.432385 
0.125000 0.125000 0.503614 
0.250000 0.125000 0.469597 
0.375000 0.125000 0.387486 
0.500000 0.125000 0.326146 
0.625000 0.125000 0.281094 
0.750000 0.125000 0.248445 
0.875000 0.125000 0.224998 
-1.000000 0.250000 0.162004 
-0.875000 0.250000 0.168044 
-0.750000 0.250000 0.177498 
-0.625000 0.250000 0.191348 
-0.500000 0.250000 0.210897 
-0.375000 0.250000 0.237511 
-0.250000 0.250000 0.272714 
-0.125000 0.250000 0.317775 
0.000000 0.250000 0.372945 
0.125000 0.250000 0.436478 
0.250000 0.250000 0.482385 
0.375000 0.250000 0.438830 
0.500000 0.250000 0.368457 
0.625000 0.250000 0.316064 
0.750000 0.250000 0.277591 
0.875000 0.250000 0.249591 
-1.000000 0.375000 0.150322 
-0.875000 0.375000 0.154794 
-0.750000 0.375000 0.162218 
-0.625000 0.375000 0.173407 
-0.500000 0.375000 0.189394 
-0.375000 0.375000 0.211305 
-0.250000 0.375000 0.240384 
-0.125000 0.375000 0.277747 
0.000000 0.375000 0.323925 
0.125000 0.375000 0.378262 
0.250000 0.375000 0.418470 
0.375000 0.375000 0.386961 
0.500000 0.375000 0.358273 
0.625000 0.375000 0.334912 
0.750000 0.375000 0.308316 
0.875000 0.375000 0.275850 
-1.000000 0.500000 0.141526 
-0.875000 0.500000 0.144848 
-0.750000 0.500000 0.150757 
-0.625000 0.500000 0.159925 
-0.500000 0.500000 0.173147 
-0.375000 0.500000 0.191395 
-0.250000 0.500000 0.215633 
-0.125000 0.500000 0.246767 
0.000000 0.500000 0.285332 
0.125000 0.500000 0.331131 
0.250000 0.500000 0.365078 
0.375000 0.500000 0.342748 
0.500000 0.500000 0.322138 
0.625000 0.500000 0.304212 
0.750000 0.500000 0.289367 
0.875000 0.500000 0.279704 
-1.000000 0.625000 0.135318 
-0.875000 0.625000 0.137829 
-0.750000 0.625000 0.142635 
-0.625000 0.625000 0.150295 
-0.500000 0.625000 0.161456 
-0.375000 0.625000 0.176909 
-0.250000 0.625000 0.197402 
-0.125000 0.625000 0.223649 
0.000000 0.625000 0.256089 
0.125000 0.625000 0.294713 
0.250000 0.625000 0.323002 
0.375000 0.625000 0.307144 
0.500000 0.625000 0.292460 
0.625000 0.625000 0.279583 
0.750000 0.625000 0.268845 
0.875000 0.625000 0.260304 
-1.000000 0.750000 0.131313 
-0.875000 0.750000 0.133284 
-0.750000 0.750000 0.137316 
-0.625000 0.750000 0.143876 
-0.500000 0.750000 0.153530 
-0.375000 0.750000 0.166867 
-0.250000 0.750000 0.184487 
-0.125000 0.750000 0.206926 
0.000000 0.750000 0.234566 
0.125000 0.750000 0.267428 
0.250000 0.750000 0.291008 
0.375000 0.750000 0.279571 
0.500000 0.750000 0.269051 
0.625000 0.750000 0.259845 
0.750000 0.750000 0.252186 
0.875000 0.750000 0.246143 
-1.000000 0.875000 0.129149 
-0.875000 0.875000 0.130785 
-0.750000 0.875000 0.134289 
-0.625000 0.875000 0.140085 
-0.500000 0.875000 0.148611 
-0.375000 0.875000 0.160340 
-0.250000 0.875000 0.175743 
-0.125000 0.875000 0.195230 
0.000000 0.875000 0.219093 
0.125000 0.875000 0.247358 
0.250000 0.875000 0.267096 
0.375000 0.875000 0.258637 
0.500000 0.875000 0.250990 
0.625000 0.875000 0.244384 
0.750000 0.875000 0.238966 
0.875000 0.875000 0.234784 
