-1.000000 -1.000000 0.301145 
-0.875000 -1.000000 0.303183 
-0.750000 -1.000000 0.304027 
-0.625000 -1.000000 0.303652 
-0.500000 -1.000000 0.302044 
-0.375000 -1.000000 0.299201 
-0.250000 -1.000000 0.295129 
-0.125000 -1.000000 0.289840 
0.000000 -1.000000 0.283353 
0.125000 -1.000000 0.275691 
0.250000 -1.000000 0.266883 
0.375000 -1.000000 0.256962 
0.500000 -1.000000 0.245964 
0.625000 -1.000000 0.233928 
0.750000 -1.000000 0.220897 
0.875000 -1.000000 0.206917 
-1.000000 -0.875000 0.291993 
-0.875000 -0.875000 0.295136 
-0.750000 -0.875000 0.297094 
-0.625000 -0.875000 0.297838 
-0.500000 -0.875000 0.297349 
-0.375000 -0.875000 0.295620 
-0.250000 -0.875000 0.292653 
-0.125000 -0.875000 0.288459 
0.000000 -0.875000 0.283053 
0.125000 -0.875000 0.276458 
0.250000 -0.875000 0.268699 
0.375000 -0.875000 0.259806 
0.500000 -0.875000 0.249814 
0.625000 -0.875000 0.238760 
0.750000 -0.875000 0.226685 
0.875000 -0.875000 0.213631 
-1.000000 -0.750000 0.282317 
-0.875000 -0.750000 0.286558 
-0.750000 -0.750000 0.289626 
-0.625000 -0.750000 0.291485 
-0.500000 -0.750000 0.292111 
-0.375000 -0.750000 0.291493 
-0.250000 -0.750000 0.289630 
-0.125000 -0.750000 0.286528 
0.000000 -0.750000 0.282200 
0.125000 -0.750000 0.276667 
0.250000 -0.750000 0.269952 
0.375000 -0.750000 0.262085 
0.500000 -0.750000 0.253096 
0.625000 -0.750000 0.243021 
0.750000 -0.750000 0.231899 
0.875000 -0.750000 0.219772 
-1.000000 -0.625000 0.272156 
-0.875000 -0.625000 0.277486 
-0.750000 -0.625000 0.281658 
-0.625000 -0.625000 0.284628 
-0.500000 -0.625000 0.286366 
-0.375000 -0.625000 0.286856 
-0.250000 -0.625000 0.286092 
-0.125000 -0.625000 0.284078 
0.000000 -0.625000 0.280825 
0.125000 -0.625000 0.276350 
0.250000 -0.625000 0.270676 
0.375000 -0.625000 0.263828 
0.500000 -0.625000 0.255838 
0.625000 -0.625000 0.246739 
0.750000 -0.625000 0.236568 
0.875000 -0.625000 0.225365 
-1.000000 -0.500000 0.261547 
-0.875000 -0.500000 0.267958 
-0.750000 -0.500000 0.273227 
-0.625000 -0.500000 0.277302 
-0.500000 -0.500000 0.280147 
-0.375000 -0.500000 0.281740 
-0.250000 -0.500000 0.282073 
-0.125000 -0.500000 0.281143 
0.000000 -0.500000 0.278961 
0.125000 -0.500000 0.275540 
0.250000 -0.500000 0.270901 
0.375000 -0.500000 0.265069 
0.500000 -0.500000 0.258073 
0.625000 -0.500000 0.249945 
0.750000 -0.500000 0.240721 
0.875000 -0.500000 0.230438 
-1.000000 -0.375000 0.250533 
-0.875000 -0.375000 0.258012 
-0.750000 -0.375000 0.264369 
-0.625000 -0.375000 0.269542 
-0.500000 -0.375000 0.273489 
-0.375000 -0.375000 0.276181 
-0.250000 -0.375000 0.277605 
-0.125000 -0.375000 0.277756 
0.000000 -0.375000 0.276640 
0.125000 -0.375000 0.274269 
0.250000 -0.375000 0.270661 
0.375000 -0.375000 0.265840 
0.500000 -0.375000 0.259833 
0.625000 -0.375000 0.252671 
0.750000 -0.375000 0.244388 
0.875000 -0.375000 0.235021 
-1.000000 -0.250000 0.239151 
-0.875000 -0.250000 0.247686 
-0.750000 -0.250000 0.255120 
-0.625000 -0.250000 0.261383 
-0.500000 -0.250000 0.266425 
-0.375000 -0.250000 0.270212 
-0.250000 -0.250000 0.272723 
-0.125000 -0.250000 0.273950 
0.000000 -0.250000 0.273896 
0.125000 -0.250000 0.272570 
0.250000 -0.250000 0.269988 
0.375000 -0.250000 0.266172 
0.500000 -0.250000 0.261149 
0.625000 -0.250000 0.254948 
0.750000 -0.250000 0.247602 
0.875000 -0.250000 0.240858 
-1.000000 -0.125000 0.227441 
-0.875000 -0.125000 0.237017 
-0.750000 -0.125000 0.245516 
-0.625000 -0.125000 0.252860 
-0.500000 -0.125000 0.258990 
-0.375000 -0.125000 0.263865 
-0.250000 -0.125000 0.267458 
-0.125000 -0.125000 0.269758 
0.000000 -0.125000 0.270761 
0.125000 -0.125000 0.270476 
0.250000 -0.125000 0.268915 
0.375000 -0.125000 0.266100 
0.500000 -0.125000 0.264040 
0.625000 -0.125000 0.261065 
0.750000 -0.125000 0.256841 
0.875000 -0.125000 0.251384 
-1.000000 0.000000 0.215442 
-0.875000 0.000000 0.226041 
-0.750000 0.000000 0.235592 
-0.625000 0.000000 0.244006 
-0.500000 0.000000 0.251216 
-0.375000 0.000000 0.257172 
-0.250000 0.000000 0.261843 
-0.125000 0.000000 0.265210 
0.000000 0.000000 0.267266 
0.125000 0.000000 0.269521 
0.250000 0.000000 0.271367 
0.375000 0.000000 0.271956 
0.500000 0.000000 0.271266 
0.625000 0.000000 0.269287 
0.750000 0.000000 0.266023 
0.875000 0.000000 0.261489 
-1.000000 0.125000 0.204965 
-0.875000 0.125000 0.214793 
-0.750000 0.125000 0.225380 
-0.625000 0.125000 0.234853 
-0.500000 0.125000 0.243133 
-0.375000 0.125000 0.250164 
-0.250000 0.125000 0.257075 
-0.125000 0.125000 0.263464 
0.000000 0.125000 0.268793 
0.125000 0.125000 0.272967 
0.250000 0.125000 0.275914 
0.375000 0.125000 0.277585 
0.500000 0.125000 0.277949 
0.625000 0.125000 0.276994 
0.750000 0.125000 0.274718 
0.875000 0.125000 0.271136 
-1.000000 0.250000 0.198311 
-0.875000 0.250000 0.208504 
-0.750000 0.250000 0.218804 
-0.625000 0.250000 0.228965 
-0.500000 0.250000 0.238759 
-0.375000 0.250000 0.247974 
-0.250000 0.250000 0.256426 
-0.125000 0.250000 0.263956 
0.000000 0.250000 0.270432 
0.125000 0.250000 0.275748 
0.250000 0.250000 0.279824 
0.375000 0.250000 0.282604 
0.500000 0.250000 0.284052 
0.625000 0.250000 0.284148 
0.750000 0.250000 0.282890 
0.875000 0.250000 0.280286 
-1.000000 0.375000 0.190862 
-0.875000 0.375000 0.201880 
-0.750000 0.375000 0.213095 
-0.625000 0.375000 0.224248 
-0.500000 0.375000 0.235097 
-0.375000 0.375000 0.245417 
-0.250000 0.375000 0.255008 
-0.125000 0.375000 0.263699 
0.000000 0.375000 0.271345 
0.125000 0.375000 0.277829 
0.250000 0.375000 0.283062 
0.375000 0.375000 0.286979 
0.500000 0.375000 0.289538 
0.625000 0.375000 0.290714 
0.750000 0.375000 0.290500 
0.875000 0.375000 0.288903 
-1.000000 0.500000 0.182616 
-0.875000 0.500000 0.194444 
-0.750000 0.500000 0.206564 
-0.625000 0.500000 0.218706 
-0.500000 0.500000 0.230613 
-0.375000 0.500000 0.242047 
-0.250000 0.500000 0.252792 
-0.125000 0.500000 0.262663 
0.000000 0.500000 0.271501 
0.125000 0.500000 0.279178 
0.250000 0.500000 0.285594 
0.375000 0.500000 0.290675 
0.500000 0.500000 0.294373 
0.625000 0.500000 0.296657 
0.750000 0.500000 0.297516 
0.875000 0.500000 0.296953 
-1.000000 0.625000 0.173581 
-0.875000 0.625000 0.186198 
-0.750000 0.625000 0.199207 
-0.625000 0.625000 0.212329 
-0.500000 0.625000 0.225293 
-0.375000 0.625000 0.237845 
-0.250000 0.625000 0.249755 
-0.125000 0.625000 0.260822 
0.000000 0.625000 0.270872 
0.125000 0.625000 0.279764 
0.250000 0.625000 0.287389 
0.375000 0.625000 0.293661 
0.500000 0.625000 0.298525 
0.625000 0.625000 0.301944 
0.750000 0.625000 0.303903 
0.875000 0.625000 0.304401 
-1.000000 0.750000 0.163774 
-0.875000 0.750000 0.177149 
-0.750000 0.750000 0.191026 
-0.625000 0.750000 0.205114 
-0.500000 0.750000 0.219127 
-0.375000 0.750000 0.232797 
-0.250000 0.750000 0.245879 
-0.125000 0.750000 0.258153 
0.000000 0.750000 0.269432 
0.125000 0.750000 0.279562 
0.250000 0.750000 0.288418 
0.375000 0.750000 0.295907 
0.500000 0.750000 0.301964 
0.625000 0.750000 0.306546 
0.750000 0.750000 0.309631 
0.875000 0.750000 0.311217 
-1.000000 0.875000 0.153217 
-0.875000 0.875000 0.167316 
-0.750000 0.875000 0.182031 
-0.625000 0.875000 0.197062 
-0.500000 0.875000 0.212111 
-0.375000 0.875000 0.226894 
-0.250000 0.875000 0.241149 
-0.125000 0.875000 0.254639 
0.000000 0.875000 0.267162 
0.125000 0.875000 0.278547 
0.250000 0.875000 0.288656 
0.375000 0.875000 0.297387 
0.500000 0.875000 0.304661 
0.625000 0.875000 0.310432 
0.750000 0.875000 0.314672 
0.875000 0.875000 0.317372 
