-1.000000 -1.000000 0.338142 
-0.875000 -1.000000 0.327826 
-0.750000 -1.000000 0.318126 
-0.625000 -1.000000 0.309507 
-0.500000 -1.000000 0.302565 
-0.375000 -1.000000 0.298013 
-0.250000 -1.000000 0.257824 
-0.125000 -1.000000 0.211697 
0.000000 -1.000000 0.173082 
0.125000 -1.000000 0.142065 
0.250000 -1.000000 0.118238 
0.375000 -1.000000 0.100916 
0.500000 -1.000000 0.089295 
0.625000 -1.000000 0.082548 
0.750000 -1.000000 0.079885 
0.875000 -1.000000 0.080607 
-1.000000 -0.875000 0.351604 
-0.875000 -0.875000 0.342097 
-0.750000 -0.875000 0.333170 
-0.625000 -0.875000 0.325272 
-0.500000 -0.875000 0.319014 
-0.375000 -0.875000 0.315171 
-0.250000 -0.875000 0.272621 
-0.125000 -0.875000 0.220078 
0.000000 -0.875000 0.176333 
0.125000 -0.875000 0.141521 
0.250000 -0.875000 0.115097 
0.375000 -0.875000 0.096162 
0.500000 -0.875000 0.083690 
0.625000 -0.875000 0.076651 
0.750000 -0.875000 0.074094 
0.875000 -0.875000 0.075189 
-1.000000 -0.750000 0.369660 
-0.875000 -0.750000 0.361834 
-0.750000 -0.750000 0.354656 
-0.625000 -0.750000 0.348516 
-0.500000 -0.750000 0.343979 
-0.375000 -0.750000 0.341815 
-0.250000 -0.750000 0.297001 
-0.125000 -0.750000 0.236454 
0.000000 -0.750000 0.186175 
0.125000 -0.750000 0.146453 
0.250000 -0.750000 0.116602 
0.375000 -0.750000 0.095454 
0.500000 -0.750000 0.081695 
0.625000 -0.750000 0.074041 
0.750000 -0.750000 0.071338 
0.875000 -0.750000 0.072601 
-1.000000 -0.625000 0.392615 
-0.875000 -0.625000 0.387618 
-0.750000 -0.625000 0.383559 
-0.625000 -0.625000 0.380729 
-0.500000 -0.625000 0.379554 
-0.375000 -0.625000 0.380656 
-0.250000 -0.625000 0.334171 
-0.125000 -0.625000 0.263648 
0.000000 -0.625000 0.204944 
0.125000 -0.625000 0.158749 
0.250000 -0.625000 0.124273 
0.375000 -0.625000 0.100026 
0.500000 -0.625000 0.084328 
0.625000 -0.625000 0.075567 
0.750000 -0.625000 0.072332 
0.875000 -0.625000 0.073446 
-1.000000 -0.500000 0.420441 
-0.875000 -0.500000 0.419654 
-0.750000 -0.500000 0.420473 
-0.625000 -0.500000 0.423086 
-0.500000 -0.500000 0.427676 
-0.375000 -0.500000 0.434484 
-0.250000 -0.500000 0.387932 
-0.125000 -0.500000 0.305275 
0.000000 -0.500000 0.235725 
0.125000 -0.500000 0.180907 
0.250000 -0.500000 0.140109 
0.375000 -0.500000 0.111487 
0.500000 -0.500000 0.092890 
0.625000 -0.500000 0.082291 
0.750000 -0.500000 0.077953 
0.875000 -0.500000 0.078455 
-1.000000 -0.375000 0.392300 
-0.875000 -0.375000 0.425261 
-0.750000 -0.375000 0.465148 
-0.625000 -0.375000 0.475779 
-0.500000 -0.375000 0.489228 
-0.375000 -0.375000 0.505043 
-0.250000 -0.375000 0.461814 
-0.125000 -0.375000 0.365492 
0.000000 -0.375000 0.282308 
0.125000 -0.375000 0.216036 
0.250000 -0.375000 0.166543 
0.375000 -0.375000 0.131709 
0.500000 -0.375000 0.108840 
0.625000 -0.375000 0.095371 
0.750000 -0.375000 0.089137 
0.875000 -0.375000 0.088395 
-1.000000 -0.250000 0.332880 
-0.875000 -0.250000 0.358721 
-0.750000 -0.250000 0.396337 
-0.625000 -0.250000 0.449136 
-0.500000 -0.250000 0.519596 
-0.375000 -0.250000 0.591123 
-0.250000 -0.250000 0.556977 
-0.125000 -0.250000 0.448147 
0.000000 -0.250000 0.349074 
0.125000 -0.250000 0.267962 
0.250000 -0.250000 0.206573 
0.375000 -0.250000 0.162940 
0.500000 -0.250000 0.133815 
0.625000 -0.250000 0.115974 
0.750000 -0.250000 0.106693 
0.875000 -0.250000 0.103808 
-1.000000 -0.125000 0.276664 
-0.875000 -0.125000 0.294775 
-0.750000 -0.125000 0.323421 
-0.625000 -0.125000 0.366432 
-0.500000 -0.125000 0.427985 
-0.375000 -0.125000 0.510796 
-0.250000 -0.125000 0.611643 
-0.125000 -0.125000 0.552186 
0.000000 -0.125000 0.438562 
0.125000 -0.125000 0.340244 
0.250000 -0.125000 0.263573 
0.375000 -0.125000 0.208036 
0.500000 -0.125000 0.170166 
0.625000 -0.125000 0.146045 
0.750000 -0.125000 0.132256 
0.875000 -0.125000 0.126089 
-1.000000 0.000000 0.225582 
-0.875000 0.000000 0.236337 
-0.750000 0.000000 0.255928 
-0.625000 0.000000 0.287878 
-0.500000 0.000000 0.336724 
-0.375000 0.000000 0.407377 
-0.250000 0.000000 0.502409 
-0.125000 0.000000 0.615863 
0.000000 0.000000 0.547072 
0.125000 0.000000 0.433397 
0.250000 0.000000 0.339494 
0.375000 0.000000 0.269112 
0.500000 0.000000 0.219771 
0.625000 0.000000 0.187145 
0.750000 0.000000 0.167097 
0.875000 0.000000 0.156275 
-1.000000 0.125000 0.181146 
-0.875000 0.125000 0.185633 
-0.750000 0.125000 0.197281 
-0.625000 0.125000 0.219057 
-0.500000 0.125000 0.254998 
-0.375000 0.125000 0.310148 
-0.250000 0.125000 0.389557 
-0.125000 0.125000 0.494679 
0.000000 0.125000 0.616338 
0.125000 0.125000 0.540749 
0.250000 0.125000 0.432340 
0.375000 0.125000 0.346077 
0.500000 0.125000 0.283127 
0.625000 0.125000 0.239840 
0.750000 0.125000 0.211677 
0.875000 0.125000 0.194687 
-1.000000 0.250000 0.144368 
-0.875000 0.250000 0.143994 
-0.750000 0.250000 0.149389 
-0.625000 0.250000 0.162939 
-0.500000 0.250000 0.187924 
-0.375000 0.250000 0.228641 
-0.250000 0.250000 0.290172 
-0.125000 0.250000 0.376826 
0.000000 0.250000 0.487981 
0.125000 0.250000 0.611748 
0.250000 0.250000 0.533386 
0.375000 0.250000 0.434963 
0.500000 0.250000 0.358543 
0.625000 0.250000 0.303442 
0.750000 0.250000 0.265737 
0.875000 0.250000 0.241235 
-1.000000 0.375000 0.115092 
-0.875000 0.375000 0.111251 
-0.750000 0.375000 0.112136 
-0.625000 0.375000 0.119650 
-0.500000 0.375000 0.136375 
-0.375000 0.375000 0.165705 
-0.250000 0.375000 0.216178 
-0.125000 0.375000 0.288833 
0.000000 0.375000 0.380358 
0.125000 0.375000 0.484227 
0.250000 0.375000 0.562531 
0.375000 0.375000 0.526241 
0.500000 0.375000 0.441020 
0.625000 0.375000 0.375142 
0.750000 0.375000 0.327649 
0.875000 0.375000 0.294910 
-1.000000 0.500000 0.092778 
-0.875000 0.500000 0.086680 
-0.750000 0.500000 0.084574 
-0.625000 0.500000 0.087993 
-0.500000 0.500000 0.098973 
-0.375000 0.500000 0.120604 
-0.250000 0.500000 0.163343 
-0.125000 0.500000 0.222850 
0.000000 0.500000 0.300071 
0.125000 0.500000 0.392342 
0.250000 0.500000 0.451894 
0.375000 0.500000 0.420912 
0.500000 0.500000 0.400456 
0.625000 0.500000 0.387084 
0.750000 0.500000 0.378467 
0.875000 0.500000 0.353247 
-1.000000 0.625000 0.077348 
-0.875000 0.625000 0.069961 
-0.750000 0.625000 0.066060 
-0.625000 0.625000 0.066916 
-0.500000 0.625000 0.074146 
-0.375000 0.625000 0.092716 
-0.250000 0.625000 0.127560 
-0.125000 0.625000 0.176467 
0.000000 0.625000 0.240763 
0.125000 0.625000 0.319678 
0.250000 0.625000 0.369835 
0.375000 0.625000 0.347380 
0.500000 0.625000 0.331687 
0.625000 0.625000 0.322571 
0.750000 0.625000 0.320262 
0.875000 0.625000 0.322659 
-1.000000 0.750000 0.067414 
-0.875000 0.750000 0.059489 
-0.750000 0.750000 0.054706 
-0.625000 0.750000 0.054115 
-0.500000 0.750000 0.059038 
-0.375000 0.750000 0.076043 
-0.250000 0.750000 0.105152 
-0.125000 0.750000 0.146070 
0.000000 0.750000 0.200009 
0.125000 0.750000 0.266978 
0.250000 0.750000 0.307920 
0.375000 0.750000 0.291797 
0.500000 0.750000 0.281640 
0.625000 0.750000 0.277175 
0.750000 0.750000 0.277583 
0.875000 0.750000 0.282235 
-1.000000 0.875000 0.062214 
-0.875000 0.875000 0.054270 
-0.750000 0.875000 0.049221 
-0.625000 0.875000 0.047950 
-0.500000 0.875000 0.051705 
-0.375000 0.875000 0.068043 
-0.250000 0.875000 0.093007 
-0.125000 0.875000 0.127937 
0.000000 0.875000 0.173859 
0.125000 0.875000 0.231028 
0.250000 0.875000 0.264019 
0.375000 0.875000 0.252213 
0.500000 0.875000 0.245686 
0.625000 0.875000 0.244140 
0.750000 0.875000 0.246895 
0.875000 0.875000 0.253076 
