-1.000000 -1.000000 -1.000000 
-0.875000 -1.000000 -1.000000 
-0.750000 -1.000000 -1.000000 
-0.625000 -1.000000 -1.000000 
-0.500000 -1.000000 -1.000000 
-0.375000 -1.000000 -1.000000 
-0.250000 -1.000000 -1.000000 
-0.125000 -1.000000 -1.000000 
0.000000 -1.000000 -1.000000 
0.125000 -1.000000 -1.000000 
0.250000 -1.000000 -1.000000 
0.375000 -1.000000 -1.000000 
0.500000 -1.000000 -1.000000 
0.625000 -1.000000 -1.000000 
0.750000 -1.000000 -1.000000 
0.875000 -1.000000 -1.000000 
-1.000000 -0.875000 -1.000000 
-0.875000 -0.875000 0.250145 
-0.750000 -0.875000 0.295535 
-0.625000 -0.875000 0.388868 
-0.500000 -0.875000 0.489867 
-0.375000 -0.875000 0.587211 
-0.250000 -0.875000 0.548836 
-0.125000 -0.875000 0.577193 
0.000000 -0.875000 0.524881 
0.125000 -0.875000 0.514256 
0.250000 -0.875000 0.496449 
0.375000 -0.875000 0.468428 
0.500000 -0.875000 0.392161 
0.625000 -0.875000 0.347273 
0.750000 -0.875000 0.307379 
0.875000 -0.875000 -0.113024 
-1.000000 -0.750000 -0.995061 
-0.875000 -0.750000 0.221583 
-0.750000 -0.750000 0.309482 
-0.625000 -0.750000 0.437645 
-0.500000 -0.750000 0.532003 
-0.375000 -0.750000 0.648079 
-0.250000 -0.750000 0.748376 
-0.125000 -0.750000 0.715862 
0.000000 -0.750000 0.691618 
0.125000 -0.750000 0.704307 
0.250000 -0.750000 0.619608 
0.375000 -0.750000 0.551635 
0.500000 -0.750000 0.487454 
0.625000 -0.750000 0.440523 
0.750000 -0.750000 0.425264 
0.875000 -0.750000 -0.404151 
-1.000000 -0.625000 -1.000000 
-0.875000 -0.625000 0.216915 
-0.750000 -0.625000 0.259797 
-0.625000 -0.625000 0.353203 
-0.500000 -0.625000 0.574617 
-0.375000 -0.625000 0.578194 
-0.250000 -0.625000 0.862393 
-0.125000 -0.625000 0.833222 
0.000000 -0.625000 0.927257 
0.125000 -0.625000 0.848370 
0.250000 -0.625000 0.722869 
0.375000 -0.625000 0.665937 
0.500000 -0.625000 0.611568 
0.625000 -0.625000 0.537741 
0.750000 -0.625000 0.483411 
0.875000 -0.625000 -0.166416 
-1.000000 -0.500000 -1.000000 
-0.875000 -0.500000 0.205263 
-0.750000 -0.500000 0.244858 
-0.625000 -0.500000 0.314970 
-0.500000 -0.500000 0.413738 
-0.375000 -0.500000 0.508230 
-0.250000 -0.500000 1.015135 
-0.125000 -0.500000 1.137194 
0.000000 -0.500000 1.192519 
0.125000 -0.500000 1.098076 
0.250000 -0.500000 0.992723 
0.375000 -0.500000 0.876298 
0.500000 -0.500000 0.698750 
0.625000 -0.500000 0.549196 
0.750000 -0.500000 0.476558 
0.875000 -0.500000 -0.505008 
-1.000000 -0.375000 -1.000000 
-0.875000 -0.375000 0.197966 
-0.750000 -0.375000 0.226818 
-0.625000 -0.375000 0.276341 
-0.500000 -0.375000 0.318493 
-0.375000 -0.375000 -0.548534 
-0.250000 -0.375000 1.031478 
-0.125000 -0.375000 1.285199 
0.000000 -0.375000 1.368993 
0.125000 -0.375000 1.289459 
0.250000 -0.375000 1.186103 
0.375000 -0.375000 0.545404 
0.500000 -0.375000 -0.107470 
0.625000 -0.375000 0.381071 
0.750000 -0.375000 0.420016 
0.875000 -0.375000 -0.814338 
-1.000000 -0.250000 -1.000000 
-0.875000 -0.250000 0.193389 
-0.750000 -0.250000 0.222761 
-0.625000 -0.250000 0.253260 
-0.500000 -0.250000 -0.071331 
-0.375000 -0.250000 -0.817222 
-0.250000 -0.250000 1.052995 
-0.125000 -0.250000 1.550170 
0.000000 -0.250000 1.719451 
0.125000 -0.250000 1.479064 
0.250000 -0.250000 1.505734 
0.375000 -0.250000 1.175215 
0.500000 -0.250000 0.017553 
0.625000 -0.250000 0.200186 
0.750000 -0.250000 0.367245 
0.875000 -0.250000 -0.060567 
-1.000000 -0.125000 -1.000000 
-0.875000 -0.125000 0.182702 
-0.750000 -0.125000 0.218368 
-0.625000 -0.125000 0.236998 
-0.500000 -0.125000 0.218857 
-0.375000 -0.125000 -0.800230 
-0.250000 -0.125000 1.102039 
-0.125000 -0.125000 1.541223 
0.000000 -0.125000 2.432453 
0.125000 -0.125000 1.659104 
0.250000 -0.125000 1.351958 
0.375000 -0.125000 1.110870 
0.500000 -0.125000 0.023259 
0.625000 -0.125000 0.237082 
0.750000 -0.125000 0.330372 
0.875000 -0.125000 -0.550354 
-1.000000 0.000000 -1.000000 
-0.875000 0.000000 0.172378 
-0.750000 0.000000 0.208185 
-0.625000 0.000000 0.217461 
-0.500000 0.000000 -0.100540 
-0.375000 0.000000 -0.819785 
-0.250000 0.000000 0.910006 
-0.125000 0.000000 1.500202 
0.000000 0.000000 1.132099 
0.125000 0.000000 1.466299 
0.250000 0.000000 0.573153 
0.375000 0.000000 0.548783 
0.500000 0.000000 -0.425543 
0.625000 0.000000 0.230891 
0.750000 0.000000 0.297315 
0.875000 0.000000 -0.776130 
-1.000000 0.125000 -1.000000 
-0.875000 0.125000 0.154193 
-0.750000 0.125000 0.194067 
-0.625000 0.125000 0.199437 
-0.500000 0.125000 0.179931 
-0.375000 0.125000 -0.844353 
-0.250000 0.125000 0.710952 
-0.125000 0.125000 0.688961 
0.000000 0.125000 0.505669 
0.125000 0.125000 0.552798 
0.250000 0.125000 0.407915 
0.375000 0.125000 0.422796 
0.500000 0.125000 -0.679289 
0.625000 0.125000 0.228492 
0.750000 0.125000 0.266990 
0.875000 0.125000 -0.288662 
-1.000000 0.250000 -1.000000 
-0.875000 0.250000 0.136979 
-0.750000 0.250000 0.171255 
-0.625000 0.250000 0.182615 
-0.500000 0.250000 -0.087791 
-0.375000 0.250000 -0.679578 
-0.250000 0.250000 0.710118 
-0.125000 0.250000 0.633612 
0.000000 0.250000 0.555732 
0.125000 0.250000 0.274014 
0.250000 0.250000 0.470801 
0.375000 0.250000 0.690702 
0.500000 0.250000 -0.434863 
0.625000 0.250000 0.246518 
0.750000 0.250000 0.240816 
0.875000 0.250000 -0.600422 
-1.000000 0.375000 -1.000000 
-0.875000 0.375000 0.140130 
-0.750000 0.375000 0.173637 
-0.625000 0.375000 0.208359 
-0.500000 0.375000 0.155764 
-0.375000 0.375000 -0.455904 
-0.250000 0.375000 0.695710 
-0.125000 0.375000 0.588967 
0.000000 0.375000 0.467916 
0.125000 0.375000 0.450014 
0.250000 0.375000 0.551588 
0.375000 0.375000 0.462973 
0.500000 0.375000 -0.656687 
0.625000 0.375000 0.290098 
0.750000 0.375000 0.265831 
0.875000 0.375000 -0.029413 
-1.000000 0.500000 -1.000000 
-0.875000 0.500000 0.153883 
-0.750000 0.500000 0.220858 
-0.625000 0.500000 0.298625 
-0.500000 0.500000 0.326978 
-0.375000 0.500000 0.484791 
-0.250000 0.500000 0.614268 
-0.125000 0.500000 0.538500 
0.000000 0.500000 0.485554 
0.125000 0.500000 0.457944 
0.250000 0.500000 0.519493 
0.375000 0.500000 0.455769 
0.500000 0.500000 0.416294 
0.625000 0.500000 0.393201 
0.750000 0.500000 0.364661 
0.875000 0.500000 -0.221707 
-1.000000 0.625000 -1.000000 
-0.875000 0.625000 0.136359 
-0.750000 0.625000 0.217187 
-0.625000 0.625000 0.248976 
-0.500000 0.625000 0.322248 
-0.375000 0.625000 0.442490 
-0.250000 0.625000 0.539525 
-0.125000 0.625000 0.486108 
0.000000 0.625000 0.439306 
0.125000 0.625000 0.492899 
0.250000 0.625000 0.454134 
0.375000 0.625000 0.456310 
0.500000 0.625000 0.412810 
0.625000 0.625000 0.382433 
0.750000 0.625000 0.354732 
0.875000 0.625000 -0.781679 
-1.000000 0.750000 -1.000000 
-0.875000 0.750000 0.123296 
-0.750000 0.750000 0.176076 
-0.625000 0.750000 0.196154 
-0.500000 0.750000 0.277296 
-0.375000 0.750000 0.376232 
-0.250000 0.750000 0.480710 
-0.125000 0.750000 0.434183 
0.000000 0.750000 0.405012 
0.125000 0.750000 0.445731 
0.250000 0.750000 0.422487 
0.375000 0.750000 0.412943 
0.500000 0.750000 0.379245 
0.625000 0.750000 0.349908 
0.750000 0.750000 0.327777 
0.875000 0.750000 -0.327136 
-1.000000 0.875000 -1.000000 
-0.875000 0.875000 -0.713741 
-0.750000 0.875000 -0.072842 
-0.625000 0.875000 -0.172368 
-0.500000 0.875000 -0.869877 
-0.375000 0.875000 -0.299546 
-0.250000 0.875000 -0.271022 
-0.125000 0.875000 0.171061 
0.000000 0.875000 -0.144865 
0.125000 0.875000 -0.613257 
0.250000 0.875000 -0.966812 
0.375000 0.875000 -1.000000 
0.500000 0.875000 -0.701778 
0.625000 0.875000 -0.511034 
0.750000 0.875000 -0.796228 
0.875000 0.875000 -1.000000 
