-1.000000 -1.000000 -1.000000 
-0.950000 -1.000000 -1.000000 
-0.900000 -1.000000 -1.000000 
-0.850000 -1.000000 -1.000000 
-0.800000 -1.000000 -1.000000 
-0.750000 -1.000000 -1.000000 
-0.700000 -1.000000 -1.000000 
-0.650000 -1.000000 -1.000000 
-0.600000 -1.000000 -1.000000 
-0.550000 -1.000000 -1.000000 
-0.500000 -1.000000 -1.000000 
-0.450000 -1.000000 -1.000000 
-0.400000 -1.000000 -1.000000 
-0.350000 -1.000000 -1.000000 
-0.300000 -1.000000 -1.000000 
-0.250000 -1.000000 -1.000000 
-0.200000 -1.000000 -1.000000 
-0.150000 -1.000000 -1.000000 
-0.100000 -1.000000 -1.000000 
-0.050000 -1.000000 -1.000000 
0.000000 -1.000000 -1.000000 
0.050000 -1.000000 -1.000000 
0.100000 -1.000000 -1.000000 
0.150000 -1.000000 -1.000000 
0.200000 -1.000000 -1.000000 
0.250000 -1.000000 -1.000000 
0.300000 -1.000000 -1.000000 
0.350000 -1.000000 -1.000000 
0.400000 -1.000000 -1.000000 
0.450000 -1.000000 -1.000000 
0.500000 -1.000000 -1.000000 
0.550000 -1.000000 -1.000000 
0.600000 -1.000000 -1.000000 
0.650000 -1.000000 -1.000000 
0.700000 -1.000000 -1.000000 
0.750000 -1.000000 -1.000000 
0.800000 -1.000000 -1.000000 
0.850000 -1.000000 -1.000000 
0.900000 -1.000000 -1.000000 
0.950000 -1.000000 -1.000000 
-1.000000 -0.950000 -1.000000 
-0.950000 -0.950000 -1.000000 
-0.900000 -0.950000 -1.000000 
-0.850000 -0.950000 -1.000000 
-0.800000 -0.950000 -1.000000 
-0.750000 -0.950000 -1.000000 
-0.700000 -0.950000 -1.000000 
-0.650000 -0.950000 -1.000000 
-0.600000 -0.950000 -1.000000 
-0.550000 -0.950000 -1.000000 
-0.500000 -0.950000 -1.000000 
-0.450000 -0.950000 -1.000000 
-0.400000 -0.950000 -1.000000 
-0.350000 -0.950000 -1.000000 
-0.300000 -0.950000 -1.000000 
-0.250000 -0.950000 -1.000000 
-0.200000 -0.950000 -1.000000 
-0.150000 -0.950000 -1.000000 
-0.100000 -0.950000 -1.000000 
-0.050000 -0.950000 -1.000000 
0.000000 -0.950000 -1.000000 
0.050000 -0.950000 -1.000000 
0.100000 -0.950000 -1.000000 
0.150000 -0.950000 -1.000000 
0.200000 -0.950000 -1.000000 
0.250000 -0.950000 -1.000000 
0.300000 -0.950000 -1.000000 
0.350000 -0.950000 -1.000000 
0.400000 -0.950000 -1.000000 
0.450000 -0.950000 -1.000000 
0.500000 -0.950000 -1.000000 
0.550000 -0.950000 -1.000000 
0.600000 -0.950000 -1.000000 
0.650000 -0.950000 -1.000000 
0.700000 -0.950000 -1.000000 
0.750000 -0.950000 -1.000000 
0.800000 -0.950000 -1.000000 
0.850000 -0.950000 -1.000000 
0.900000 -0.950000 -1.000000 
0.950000 -0.950000 -1.000000 
-1.000000 -0.900000 -1.000000 
-0.950000 -0.900000 -1.000000 
-0.900000 -0.900000 -1.000000 
-0.850000 -0.900000 -1.000000 
-0.800000 -0.900000 -1.000000 
-0.750000 -0.900000 -1.000000 
-0.700000 -0.900000 -1.000000 
-0.650000 -0.900000 -1.000000 
-0.600000 -0.900000 -1.000000 
-0.550000 -0.900000 -0.990163 
-0.500000 -0.900000 -1.000000 
-0.450000 -0.900000 -1.000000 
-0.400000 -0.900000 -1.000000 
-0.350000 -0.900000 -1.000000 
-0.300000 -0.900000 -1.000000 
-0.250000 -0.900000 -1.000000 
-0.200000 -0.900000 -1.000000 
-0.150000 -0.900000 -1.000000 
-0.100000 -0.900000 -1.000000 
-0.050000 -0.900000 -1.000000 
0.000000 -0.900000 -0.874532 
0.050000 -0.900000 -0.803098 
0.100000 -0.900000 -0.860655 
0.150000 -0.900000 -0.701022 
0.200000 -0.900000 -0.718402 
0.250000 -0.900000 -1.000000 
0.300000 -0.900000 -1.000000 
0.350000 -0.900000 -1.000000 
0.400000 -0.900000 -1.000000 
0.450000 -0.900000 -0.917001 
0.500000 -0.900000 -1.000000 
0.550000 -0.900000 -1.000000 
0.600000 -0.900000 -1.000000 
0.650000 -0.900000 -1.000000 
0.700000 -0.900000 -1.000000 
0.750000 -0.900000 -1.000000 
0.800000 -0.900000 -1.000000 
0.850000 -0.900000 -1.000000 
0.900000 -0.900000 -1.000000 
0.950000 -0.900000 -1.000000 
-1.000000 -0.850000 -1.000000 
-0.950000 -0.850000 -1.000000 
-0.900000 -0.850000 0.139182 
-0.850000 -0.850000 0.157639 
-0.800000 -0.850000 0.195058 
-0.750000 -0.850000 0.218978 
-0.700000 -0.850000 0.233217 
-0.650000 -0.850000 0.263256 
-0.600000 -0.850000 0.287260 
-0.550000 -0.850000 0.330771 
-0.500000 -0.850000 0.394081 
-0.450000 -0.850000 0.346573 
-0.400000 -0.850000 0.325031 
-0.350000 -0.850000 0.317528 
-0.300000 -0.850000 0.301183 
-0.250000 -0.850000 0.287792 
-0.200000 -0.850000 0.309003 
-0.150000 -0.850000 0.345193 
-0.100000 -0.850000 0.382543 
-0.050000 -0.850000 0.416560 
0.000000 -0.850000 0.450732 
0.050000 -0.850000 0.467174 
0.100000 -0.850000 0.489416 
0.150000 -0.850000 0.475843 
0.200000 -0.850000 0.494685 
0.250000 -0.850000 0.462535 
0.300000 -0.850000 0.479912 
0.350000 -0.850000 0.456227 
0.400000 -0.850000 0.435866 
0.450000 -0.850000 0.433797 
0.500000 -0.850000 0.416561 
0.550000 -0.850000 0.390355 
0.600000 -0.850000 0.381319 
0.650000 -0.850000 0.379571 
0.700000 -0.850000 0.346831 
0.750000 -0.850000 0.276797 
0.800000 -0.850000 0.207686 
0.850000 -0.850000 0.157704 
0.900000 -0.850000 0.144515 
0.950000 -0.850000 -1.000000 
-1.000000 -0.800000 -1.000000 
-0.950000 -0.800000 -1.000000 
-0.900000 -0.800000 0.135459 
-0.850000 -0.800000 0.148733 
-0.800000 -0.800000 0.165516 
-0.750000 -0.800000 0.195726 
-0.700000 -0.800000 0.222613 
-0.650000 -0.800000 0.258954 
-0.600000 -0.800000 0.278349 
-0.550000 -0.800000 0.393958 
-0.500000 -0.800000 0.341141 
-0.450000 -0.800000 0.346993 
-0.400000 -0.800000 0.340849 
-0.350000 -0.800000 0.342956 
-0.300000 -0.800000 0.333920 
-0.250000 -0.800000 0.307758 
-0.200000 -0.800000 0.317459 
-0.150000 -0.800000 0.356388 
-0.100000 -0.800000 0.394067 
-0.050000 -0.800000 0.438819 
0.000000 -0.800000 0.492238 
0.050000 -0.800000 0.522372 
0.100000 -0.800000 0.560920 
0.150000 -0.800000 0.546920 
0.200000 -0.800000 0.551247 
0.250000 -0.800000 0.544793 
0.300000 -0.800000 0.554121 
0.350000 -0.800000 0.545100 
0.400000 -0.800000 0.520772 
0.450000 -0.800000 0.491663 
0.500000 -0.800000 0.462235 
0.550000 -0.800000 0.442769 
0.600000 -0.800000 0.441793 
0.650000 -0.800000 0.438049 
0.700000 -0.800000 0.407926 
0.750000 -0.800000 0.357918 
0.800000 -0.800000 0.258474 
0.850000 -0.800000 0.188738 
0.900000 -0.800000 0.167472 
0.950000 -0.800000 -1.000000 
-1.000000 -0.750000 -1.000000 
-0.950000 -0.750000 -1.000000 
-0.900000 -0.750000 0.136163 
-0.850000 -0.750000 0.144609 
-0.800000 -0.750000 0.157326 
-0.750000 -0.750000 0.186882 
-0.700000 -0.750000 0.212941 
-0.650000 -0.750000 0.253697 
-0.600000 -0.750000 0.380714 
-0.550000 -0.750000 0.599162 
-0.500000 -0.750000 0.349138 
-0.450000 -0.750000 0.361748 
-0.400000 -0.750000 0.362564 
-0.350000 -0.750000 0.357488 
-0.300000 -0.750000 0.345178 
-0.250000 -0.750000 0.328821 
-0.200000 -0.750000 0.327213 
-0.150000 -0.750000 0.355706 
-0.100000 -0.750000 0.407604 
-0.050000 -0.750000 0.470973 
0.000000 -0.750000 0.542054 
0.050000 -0.750000 0.596450 
0.100000 -0.750000 0.614825 
0.150000 -0.750000 0.647306 
0.200000 -0.750000 0.626790 
0.250000 -0.750000 0.622461 
0.300000 -0.750000 0.609238 
0.350000 -0.750000 0.608540 
0.400000 -0.750000 0.621492 
0.450000 -0.750000 0.559517 
0.500000 -0.750000 0.501127 
0.550000 -0.750000 0.475223 
0.600000 -0.750000 0.452046 
0.650000 -0.750000 0.423134 
0.700000 -0.750000 0.383217 
0.750000 -0.750000 0.319198 
0.800000 -0.750000 0.285060 
0.850000 -0.750000 0.242229 
0.900000 -0.750000 0.199748 
0.950000 -0.750000 -1.000000 
-1.000000 -0.700000 -1.000000 
-0.950000 -0.700000 -1.000000 
-0.900000 -0.700000 0.139125 
-0.850000 -0.700000 0.144590 
-0.800000 -0.700000 0.158145 
-0.750000 -0.700000 0.183481 
-0.700000 -0.700000 0.202036 
-0.650000 -0.700000 0.239632 
-0.600000 -0.700000 0.248998 
-0.550000 -0.700000 0.183383 
-0.500000 -0.700000 0.191032 
-0.450000 -0.700000 0.329296 
-0.400000 -0.700000 0.111350 
-0.350000 -0.700000 0.333749 
-0.300000 -0.700000 0.333568 
-0.250000 -0.700000 0.327062 
-0.200000 -0.700000 0.339876 
-0.150000 -0.700000 0.371214 
-0.100000 -0.700000 0.430113 
-0.050000 -0.700000 0.515574 
0.000000 -0.700000 0.586805 
0.050000 -0.700000 0.598697 
0.100000 -0.700000 0.660029 
0.150000 -0.700000 0.719177 
0.200000 -0.700000 0.741116 
0.250000 -0.700000 0.689112 
0.300000 -0.700000 0.694018 
0.350000 -0.700000 0.665216 
0.400000 -0.700000 0.685353 
0.450000 -0.700000 0.640663 
0.500000 -0.700000 0.507243 
0.550000 -0.700000 0.188465 
0.600000 -0.700000 0.378145 
0.650000 -0.700000 0.372411 
0.700000 -0.700000 0.313635 
0.750000 -0.700000 0.272774 
0.800000 -0.700000 0.254210 
0.850000 -0.700000 0.226211 
0.900000 -0.700000 0.187314 
0.950000 -0.700000 -1.000000 
-1.000000 -0.650000 -1.000000 
-0.950000 -0.650000 -1.000000 
-0.900000 -0.650000 0.140284 
-0.850000 -0.650000 0.146023 
-0.800000 -0.650000 0.157425 
-0.750000 -0.650000 0.168250 
-0.700000 -0.650000 0.189904 
-0.650000 -0.650000 -0.197246 
-0.600000 -0.650000 -0.814830 
-0.550000 -0.650000 -0.747640 
-0.500000 -0.650000 -0.611316 
-0.450000 -0.650000 -0.692841 
-0.400000 -0.650000 -1.000000 
-0.350000 -0.650000 0.168985 
-0.300000 -0.650000 0.376139 
-0.250000 -0.650000 0.354462 
-0.200000 -0.650000 0.364562 
-0.150000 -0.650000 0.389869 
-0.100000 -0.650000 0.445691 
-0.050000 -0.650000 0.537024 
0.000000 -0.650000 0.590419 
0.050000 -0.650000 0.600009 
0.100000 -0.650000 0.689226 
0.150000 -0.650000 0.767718 
0.200000 -0.650000 0.816321 
0.250000 -0.650000 0.868519 
0.300000 -0.650000 0.850360 
0.350000 -0.650000 0.419780 
0.400000 -0.650000 -0.348839 
0.450000 -0.650000 -0.410245 
0.500000 -0.650000 -0.525954 
0.550000 -0.650000 -0.621043 
0.600000 -0.650000 -0.638029 
0.650000 -0.650000 -0.701911 
0.700000 -0.650000 -0.474776 
0.750000 -0.650000 0.227574 
0.800000 -0.650000 0.273538 
0.850000 -0.650000 0.338478 
0.900000 -0.650000 0.180272 
0.950000 -0.650000 -1.000000 
-1.000000 -0.600000 -1.000000 
-0.950000 -0.600000 -1.000000 
-0.900000 -0.600000 0.144856 
-0.850000 -0.600000 0.150606 
-0.800000 -0.600000 0.156294 
-0.750000 -0.600000 0.158926 
-0.700000 -0.600000 0.185362 
-0.650000 -0.600000 0.061454 
-0.600000 -0.600000 -0.967304 
-0.550000 -0.600000 -1.000000 
-0.500000 -0.600000 -1.000000 
-0.450000 -0.600000 -0.796857 
-0.400000 -0.600000 -0.571120 
-0.350000 -0.600000 0.434848 
-0.300000 -0.600000 0.427096 
-0.250000 -0.600000 0.390875 
-0.200000 -0.600000 0.391938 
-0.150000 -0.600000 0.392594 
-0.100000 -0.600000 0.425447 
-0.050000 -0.600000 0.481106 
0.000000 -0.600000 0.561780 
0.050000 -0.600000 0.615962 
0.100000 -0.600000 0.719635 
0.150000 -0.600000 0.803301 
0.200000 -0.600000 0.954403 
0.250000 -0.600000 1.029645 
0.300000 -0.600000 0.965290 
0.350000 -0.600000 0.819947 
0.400000 -0.600000 -0.248636 
0.450000 -0.600000 -0.714008 
0.500000 -0.600000 -0.882016 
0.550000 -0.600000 -0.843921 
0.600000 -0.600000 -0.874146 
0.650000 -0.600000 -1.000000 
0.700000 -0.600000 -0.450044 
0.750000 -0.600000 0.293113 
0.800000 -0.600000 0.336042 
0.850000 -0.600000 0.613352 
0.900000 -0.600000 0.292283 
0.950000 -0.600000 -1.000000 
-1.000000 -0.550000 -1.000000 
-0.950000 -0.550000 -1.000000 
-0.900000 -0.550000 0.152093 
-0.850000 -0.550000 0.161061 
-0.800000 -0.550000 0.162783 
-0.750000 -0.550000 0.160784 
-0.700000 -0.550000 0.167126 
-0.650000 -0.550000 -0.195739 
-0.600000 -0.550000 -1.000000 
-0.550000 -0.550000 0.444278 
-0.500000 -0.550000 0.465612 
-0.450000 -0.550000 0.495163 
-0.400000 -0.550000 0.521474 
-0.350000 -0.550000 0.526539 
-0.300000 -0.550000 0.499908 
-0.250000 -0.550000 0.469994 
-0.200000 -0.550000 0.432346 
-0.150000 -0.550000 0.414983 
-0.100000 -0.550000 0.408420 
-0.050000 -0.550000 0.419127 
0.000000 -0.550000 0.499180 
0.050000 -0.550000 0.596761 
0.100000 -0.550000 0.704828 
0.150000 -0.550000 0.756001 
0.200000 -0.550000 0.985916 
0.250000 -0.550000 1.152041 
0.300000 -0.550000 1.177040 
0.350000 -0.550000 1.143373 
0.400000 -0.550000 1.120171 
0.450000 -0.550000 1.022229 
0.500000 -0.550000 0.978549 
0.550000 -0.550000 0.902639 
0.600000 -0.550000 0.853692 
0.650000 -0.550000 0.069482 
0.700000 -0.550000 -0.634910 
0.750000 -0.550000 0.331002 
0.800000 -0.550000 0.316900 
0.850000 -0.550000 0.295481 
0.900000 -0.550000 0.260056 
0.950000 -0.550000 -1.000000 
-1.000000 -0.500000 -1.000000 
-0.950000 -0.500000 -1.000000 
-0.900000 -0.500000 0.152370 
-0.850000 -0.500000 0.165560 
-0.800000 -0.500000 0.171924 
-0.750000 -0.500000 0.172346 
-0.700000 -0.500000 0.166812 
-0.650000 -0.500000 -0.180756 
-0.600000 -0.500000 -0.880802 
-0.550000 -0.500000 0.469738 
-0.500000 -0.500000 0.485055 
-0.450000 -0.500000 0.537715 
-0.400000 -0.500000 0.561182 
-0.350000 -0.500000 0.605795 
-0.300000 -0.500000 0.593001 
-0.250000 -0.500000 0.575201 
-0.200000 -0.500000 0.512616 
-0.150000 -0.500000 0.479215 
-0.100000 -0.500000 0.449370 
-0.050000 -0.500000 0.417228 
0.000000 -0.500000 0.457386 
0.050000 -0.500000 0.522941 
0.100000 -0.500000 0.635213 
0.150000 -0.500000 0.748800 
0.200000 -0.500000 0.896469 
0.250000 -0.500000 1.358064 
0.300000 -0.500000 1.287848 
0.350000 -0.500000 1.318342 
0.400000 -0.500000 1.344579 
0.450000 -0.500000 1.214755 
0.500000 -0.500000 1.103702 
0.550000 -0.500000 1.094121 
0.600000 -0.500000 1.004731 
0.650000 -0.500000 0.311923 
0.700000 -0.500000 -0.794710 
0.750000 -0.500000 0.401179 
0.800000 -0.500000 0.376182 
0.850000 -0.500000 0.338411 
0.900000 -0.500000 0.312947 
0.950000 -0.500000 -1.000000 
-1.000000 -0.450000 -1.000000 
-0.950000 -0.450000 -1.000000 
-0.900000 -0.450000 0.151148 
-0.850000 -0.450000 0.173425 
-0.800000 -0.450000 0.184872 
-0.750000 -0.450000 0.185311 
-0.700000 -0.450000 0.182911 
-0.650000 -0.450000 0.149734 
-0.600000 -0.450000 -0.698196 
-0.550000 -0.450000 0.447077 
-0.500000 -0.450000 0.509224 
-0.450000 -0.450000 0.574772 
-0.400000 -0.450000 0.636804 
-0.350000 -0.450000 0.696224 
-0.300000 -0.450000 0.710243 
-0.250000 -0.450000 0.697789 
-0.200000 -0.450000 0.641552 
-0.150000 -0.450000 -0.430836 
-0.100000 -0.450000 -0.579684 
-0.050000 -0.450000 -0.616464 
0.000000 -0.450000 -0.580900 
0.050000 -0.450000 -0.348503 
0.100000 -0.450000 -0.404737 
0.150000 -0.450000 -0.305346 
0.200000 -0.450000 0.015357 
0.250000 -0.450000 1.582329 
0.300000 -0.450000 1.572310 
0.350000 -0.450000 1.487304 
0.400000 -0.450000 1.436891 
0.450000 -0.450000 1.362862 
0.500000 -0.450000 1.299490 
0.550000 -0.450000 1.253434 
0.600000 -0.450000 1.148414 
0.650000 -0.450000 0.731890 
0.700000 -0.450000 -0.510484 
0.750000 -0.450000 0.458073 
0.800000 -0.450000 0.416901 
0.850000 -0.450000 0.391404 
0.900000 -0.450000 0.376548 
0.950000 -0.450000 -1.000000 
-1.000000 -0.400000 -1.000000 
-0.950000 -0.400000 -1.000000 
-0.900000 -0.400000 0.146231 
-0.850000 -0.400000 0.167367 
-0.800000 -0.400000 0.182556 
-0.750000 -0.400000 0.183151 
-0.700000 -0.400000 0.184900 
-0.650000 -0.400000 0.006837 
-0.600000 -0.400000 -0.881926 
-0.550000 -0.400000 0.460972 
-0.500000 -0.400000 0.535113 
-0.450000 -0.400000 0.633869 
-0.400000 -0.400000 0.735914 
-0.350000 -0.400000 0.819008 
-0.300000 -0.400000 0.895873 
-0.250000 -0.400000 0.816185 
-0.200000 -0.400000 0.871463 
-0.150000 -0.400000 0.096597 
-0.100000 -0.400000 1.578917 
-0.050000 -0.400000 1.030533 
0.000000 -0.400000 1.171918 
0.050000 -0.400000 1.471153 
0.100000 -0.400000 1.063218 
0.150000 -0.400000 0.068072 
0.200000 -0.400000 0.539890 
0.250000 -0.400000 1.779659 
0.300000 -0.400000 1.756808 
0.350000 -0.400000 1.762144 
0.400000 -0.400000 1.626261 
0.450000 -0.400000 1.557401 
0.500000 -0.400000 1.497426 
0.550000 -0.400000 1.420382 
0.600000 -0.400000 1.345302 
0.650000 -0.400000 0.890770 
0.700000 -0.400000 -0.252976 
0.750000 -0.400000 0.547180 
0.800000 -0.400000 0.528815 
0.850000 -0.400000 0.455721 
0.900000 -0.400000 0.432541 
0.950000 -0.400000 -1.000000 
-1.000000 -0.350000 -1.000000 
-0.950000 -0.350000 -1.000000 
-0.900000 -0.350000 0.149080 
-0.850000 -0.350000 0.158967 
-0.800000 -0.350000 0.173128 
-0.750000 -0.350000 0.181697 
-0.700000 -0.350000 0.172339 
-0.650000 -0.350000 0.121018 
-0.600000 -0.350000 -0.895891 
-0.550000 -0.350000 0.446464 
-0.500000 -0.350000 0.512020 
-0.450000 -0.350000 0.611763 
-0.400000 -0.350000 0.783220 
-0.350000 -0.350000 0.871464 
-0.300000 -0.350000 1.042108 
-0.250000 -0.350000 1.198050 
-0.200000 -0.350000 1.450661 
-0.150000 -0.350000 1.822565 
-0.100000 -0.350000 3.486151 
-0.050000 -0.350000 3.499730 
0.000000 -0.350000 3.298324 
0.050000 -0.350000 3.098248 
0.100000 -0.350000 2.892583 
0.150000 -0.350000 2.708160 
0.200000 -0.350000 1.519684 
0.250000 -0.350000 2.107978 
0.300000 -0.350000 1.955354 
0.350000 -0.350000 2.026481 
0.400000 -0.350000 1.908542 
0.450000 -0.350000 1.807542 
0.500000 -0.350000 1.702683 
0.550000 -0.350000 1.619804 
0.600000 -0.350000 1.521133 
0.650000 -0.350000 1.008654 
0.700000 -0.350000 -0.113938 
0.750000 -0.350000 0.669167 
0.800000 -0.350000 0.606918 
0.850000 -0.350000 0.588663 
0.900000 -0.350000 0.535441 
0.950000 -0.350000 -0.962740 
-1.000000 -0.300000 -1.000000 
-0.950000 -0.300000 -1.000000 
-0.900000 -0.300000 0.160888 
-0.850000 -0.300000 0.170087 
-0.800000 -0.300000 0.169440 
-0.750000 -0.300000 0.171314 
-0.700000 -0.300000 0.159770 
-0.650000 -0.300000 0.137704 
-0.600000 -0.300000 -0.871544 
-0.550000 -0.300000 0.442654 
-0.500000 -0.300000 0.512515 
-0.450000 -0.300000 0.615696 
-0.400000 -0.300000 0.781307 
-0.350000 -0.300000 0.879379 
-0.300000 -0.300000 1.028231 
-0.250000 -0.300000 1.224847 
-0.200000 -0.300000 1.466666 
-0.150000 -0.300000 1.889517 
-0.100000 -0.300000 3.834500 
-0.050000 -0.300000 3.922871 
0.000000 -0.300000 4.055895 
0.050000 -0.300000 3.900661 
0.100000 -0.300000 3.545415 
0.150000 -0.300000 3.288852 
0.200000 -0.300000 2.128071 
0.250000 -0.300000 2.325267 
0.300000 -0.300000 2.285341 
0.350000 -0.300000 2.193388 
0.400000 -0.300000 2.155663 
0.450000 -0.300000 2.093107 
0.500000 -0.300000 1.976819 
0.550000 -0.300000 1.933389 
0.600000 -0.300000 1.795714 
0.650000 -0.300000 1.071457 
0.700000 -0.300000 -0.214992 
0.750000 -0.300000 0.731708 
0.800000 -0.300000 0.735814 
0.850000 -0.300000 0.705369 
0.900000 -0.300000 0.628081 
0.950000 -0.300000 -0.621442 
-1.000000 -0.250000 -1.000000 
-0.950000 -0.250000 -1.000000 
-0.900000 -0.250000 0.187544 
-0.850000 -0.250000 0.185722 
-0.800000 -0.250000 0.187084 
-0.750000 -0.250000 0.182257 
-0.700000 -0.250000 0.168557 
-0.650000 -0.250000 0.107315 
-0.600000 -0.250000 -0.913802 
-0.550000 -0.250000 0.404480 
-0.500000 -0.250000 0.501316 
-0.450000 -0.250000 0.626352 
-0.400000 -0.250000 0.711628 
-0.350000 -0.250000 0.857152 
-0.300000 -0.250000 1.019178 
-0.250000 -0.250000 1.121185 
-0.200000 -0.250000 1.319089 
-0.150000 -0.250000 1.832740 
-0.100000 -0.250000 4.105882 
-0.050000 -0.250000 4.391840 
0.000000 -0.250000 4.606802 
0.050000 -0.250000 4.448200 
0.100000 -0.250000 4.282630 
0.150000 -0.250000 4.121828 
0.200000 -0.250000 2.861600 
0.250000 -0.250000 2.563839 
0.300000 -0.250000 2.561704 
0.350000 -0.250000 2.579659 
0.400000 -0.250000 2.495580 
0.450000 -0.250000 2.394804 
0.500000 -0.250000 2.298057 
0.550000 -0.250000 2.124903 
0.600000 -0.250000 2.016363 
0.650000 -0.250000 1.126932 
0.700000 -0.250000 0.074615 
0.750000 -0.250000 0.856427 
0.800000 -0.250000 0.878814 
0.850000 -0.250000 0.895368 
0.900000 -0.250000 0.725765 
0.950000 -0.250000 -0.824700 
-1.000000 -0.200000 -1.000000 
-0.950000 -0.200000 -0.877566 
-0.900000 -0.200000 0.205739 
-0.850000 -0.200000 0.214823 
-0.800000 -0.200000 0.234187 
-0.750000 -0.200000 0.252704 
-0.700000 -0.200000 0.208226 
-0.650000 -0.200000 0.013631 
-0.600000 -0.200000 -0.782043 
-0.550000 -0.200000 0.378234 
-0.500000 -0.200000 0.461015 
-0.450000 -0.200000 0.559811 
-0.400000 -0.200000 0.658776 
-0.350000 -0.200000 0.788576 
-0.300000 -0.200000 0.979525 
-0.250000 -0.200000 1.191513 
-0.200000 -0.200000 1.506644 
-0.150000 -0.200000 1.617255 
-0.100000 -0.200000 4.365568 
-0.050000 -0.200000 4.921515 
0.000000 -0.200000 5.326835 
0.050000 -0.200000 5.430676 
0.100000 -0.200000 5.004192 
0.150000 -0.200000 4.735139 
0.200000 -0.200000 3.334382 
0.250000 -0.200000 3.143543 
0.300000 -0.200000 3.021383 
0.350000 -0.200000 2.813234 
0.400000 -0.200000 2.707256 
0.450000 -0.200000 2.658347 
0.500000 -0.200000 2.511071 
0.550000 -0.200000 2.384814 
0.600000 -0.200000 2.254369 
0.650000 -0.200000 1.637791 
0.700000 -0.200000 0.524642 
0.750000 -0.200000 1.007269 
0.800000 -0.200000 0.992109 
0.850000 -0.200000 1.001595 
0.900000 -0.200000 0.886966 
0.950000 -0.200000 -0.813477 
-1.000000 -0.150000 -1.000000 
-0.950000 -0.150000 -1.000000 
-0.900000 -0.150000 0.226422 
-0.850000 -0.150000 0.252620 
-0.800000 -0.150000 0.277017 
-0.750000 -0.150000 0.302458 
-0.700000 -0.150000 0.290707 
-0.650000 -0.150000 0.247336 
-0.600000 -0.150000 -0.839190 
-0.550000 -0.150000 0.353467 
-0.500000 -0.150000 0.428658 
-0.450000 -0.150000 0.540785 
-0.400000 -0.150000 0.651492 
-0.350000 -0.150000 0.774991 
-0.300000 -0.150000 1.052033 
-0.250000 -0.150000 1.330220 
-0.200000 -0.150000 1.598750 
-0.150000 -0.150000 1.779646 
-0.100000 -0.150000 4.213235 
-0.050000 -0.150000 4.985365 
0.000000 -0.150000 5.890403 
0.050000 -0.150000 6.067158 
0.100000 -0.150000 5.657767 
0.150000 -0.150000 5.244651 
0.200000 -0.150000 3.921167 
0.250000 -0.150000 3.589298 
0.300000 -0.150000 3.367274 
0.350000 -0.150000 3.187107 
0.400000 -0.150000 3.051256 
0.450000 -0.150000 2.908298 
0.500000 -0.150000 2.764976 
0.550000 -0.150000 2.627795 
0.600000 -0.150000 2.496269 
0.650000 -0.150000 1.796105 
0.700000 -0.150000 0.378185 
0.750000 -0.150000 1.258551 
0.800000 -0.150000 1.176236 
0.850000 -0.150000 1.068614 
0.900000 -0.150000 1.012409 
0.950000 -0.150000 -0.249910 
-1.000000 -0.100000 -1.000000 
-0.950000 -0.100000 -1.000000 
-0.900000 -0.100000 0.236783 
-0.850000 -0.100000 0.267658 
-0.800000 -0.100000 0.301479 
-0.750000 -0.100000 0.331651 
-0.700000 -0.100000 0.308785 
-0.650000 -0.100000 0.221007 
-0.600000 -0.100000 -0.741027 
-0.550000 -0.100000 0.361328 
-0.500000 -0.100000 0.398950 
-0.450000 -0.100000 0.490248 
-0.400000 -0.100000 0.574351 
-0.350000 -0.100000 0.768760 
-0.300000 -0.100000 1.002797 
-0.250000 -0.100000 1.313464 
-0.200000 -0.100000 1.788603 
-0.150000 -0.100000 2.553390 
-0.100000 -0.100000 4.323298 
-0.050000 -0.100000 4.709224 
0.000000 -0.100000 4.829102 
0.050000 -0.100000 2.290429 
0.100000 -0.100000 4.674809 
0.150000 -0.100000 4.892786 
0.200000 -0.100000 3.636636 
0.250000 -0.100000 3.276040 
0.300000 -0.100000 3.180478 
0.350000 -0.100000 3.053237 
0.400000 -0.100000 2.910394 
0.450000 -0.100000 2.768251 
0.500000 -0.100000 2.640018 
0.550000 -0.100000 2.521046 
0.600000 -0.100000 2.399596 
0.650000 -0.100000 1.328828 
0.700000 -0.100000 0.561713 
0.750000 -0.100000 1.446765 
0.800000 -0.100000 1.325374 
0.850000 -0.100000 1.228693 
0.900000 -0.100000 1.148757 
0.950000 -0.100000 -0.409349 
-1.000000 -0.050000 -1.000000 
-0.950000 -0.050000 -1.000000 
-0.900000 -0.050000 0.234917 
-0.850000 -0.050000 0.267221 
-0.800000 -0.050000 0.293470 
-0.750000 -0.050000 0.332953 
-0.700000 -0.050000 0.378690 
-0.650000 -0.050000 0.366407 
-0.600000 -0.050000 0.151805 
-0.550000 -0.050000 0.313680 
-0.500000 -0.050000 0.367418 
-0.450000 -0.050000 0.439425 
-0.400000 -0.050000 0.185356 
-0.350000 -0.050000 0.534351 
-0.300000 -0.050000 0.984941 
-0.250000 -0.050000 1.203297 
-0.200000 -0.050000 1.602646 
-0.150000 -0.050000 1.368017 
-0.100000 -0.050000 3.803786 
-0.050000 -0.050000 4.446764 
0.000000 -0.050000 2.912463 
0.050000 -0.050000 1.200758 
0.100000 -0.050000 2.163510 
0.150000 -0.050000 4.588752 
0.200000 -0.050000 3.412916 
0.250000 -0.050000 3.051250 
0.300000 -0.050000 3.038401 
0.350000 -0.050000 2.913832 
0.400000 -0.050000 2.767430 
0.450000 -0.050000 2.352378 
0.500000 -0.050000 2.517062 
0.550000 -0.050000 2.398558 
0.600000 -0.050000 2.270538 
0.650000 -0.050000 1.938699 
0.700000 -0.050000 1.759243 
0.750000 -0.050000 1.595702 
0.800000 -0.050000 1.511231 
0.850000 -0.050000 1.431447 
0.900000 -0.050000 1.340554 
0.950000 -0.050000 -0.006395 
-1.000000 0.000000 -1.000000 
-0.950000 0.000000 -1.000000 
-0.900000 0.000000 0.213758 
-0.850000 0.000000 0.260794 
-0.800000 0.000000 0.297108 
-0.750000 0.000000 0.328662 
-0.700000 0.000000 0.365276 
-0.650000 0.000000 0.364684 
-0.600000 0.000000 0.343747 
-0.550000 0.000000 0.316115 
-0.500000 0.000000 0.327292 
-0.450000 0.000000 0.395518 
-0.400000 0.000000 -0.604073 
-0.350000 0.000000 0.289481 
-0.300000 0.000000 0.981622 
-0.250000 0.000000 1.200928 
-0.200000 0.000000 1.493790 
-0.150000 0.000000 0.302120 
-0.100000 0.000000 3.377731 
-0.050000 0.000000 4.133465 
0.000000 0.000000 3.830946 
0.050000 0.000000 3.029345 
0.100000 0.000000 3.633865 
0.150000 0.000000 4.350843 
0.200000 0.000000 3.129934 
0.250000 0.000000 2.886897 
0.300000 0.000000 2.907354 
0.350000 0.000000 2.771568 
0.400000 0.000000 2.618153 
0.450000 0.000000 1.479465 
0.500000 0.000000 2.389496 
0.550000 0.000000 2.271920 
0.600000 0.000000 2.137119 
0.650000 0.000000 2.001256 
0.700000 0.000000 1.874350 
0.750000 0.000000 1.750633 
0.800000 0.000000 1.626024 
0.850000 0.000000 1.524627 
0.900000 0.000000 1.398785 
0.950000 0.000000 -0.017148 
-1.000000 0.050000 -1.000000 
-0.950000 0.050000 -1.000000 
-0.900000 0.050000 0.215394 
-0.850000 0.050000 0.235484 
-0.800000 0.050000 0.270261 
-0.750000 0.050000 0.322520 
-0.700000 0.050000 0.363088 
-0.650000 0.050000 0.346615 
-0.600000 0.050000 0.323779 
-0.550000 0.050000 0.293774 
-0.500000 0.050000 0.303123 
-0.450000 0.050000 0.359260 
-0.400000 0.050000 -0.670950 
-0.350000 0.050000 -0.009153 
-0.300000 0.050000 0.851937 
-0.250000 0.050000 0.991472 
-0.200000 0.050000 1.359557 
-0.150000 0.050000 0.154085 
-0.100000 0.050000 3.167385 
-0.050000 0.050000 3.900371 
0.000000 0.050000 3.641125 
0.050000 0.050000 3.414169 
0.100000 0.050000 3.670609 
0.150000 0.050000 4.131927 
0.200000 0.050000 2.927966 
0.250000 0.050000 2.724503 
0.300000 0.050000 2.767759 
0.350000 0.050000 2.634243 
0.400000 0.050000 2.365698 
0.450000 0.050000 1.285021 
0.500000 0.050000 2.265723 
0.550000 0.050000 2.149431 
0.600000 0.050000 2.017964 
0.650000 0.050000 1.894599 
0.700000 0.050000 1.774879 
0.750000 0.050000 1.658445 
0.800000 0.050000 1.539950 
0.850000 0.050000 1.408752 
0.900000 0.050000 1.301036 
0.950000 0.050000 -0.606728 
-1.000000 0.100000 -1.000000 
-0.950000 0.100000 -1.000000 
-0.900000 0.100000 0.227775 
-0.850000 0.100000 0.236479 
-0.800000 0.100000 0.254389 
-0.750000 0.100000 0.293367 
-0.700000 0.100000 0.332224 
-0.650000 0.100000 0.323392 
-0.600000 0.100000 0.287944 
-0.550000 0.100000 0.274618 
-0.500000 0.100000 0.290714 
-0.450000 0.100000 0.326169 
-0.400000 0.100000 -0.678948 
-0.350000 0.100000 -0.053541 
-0.300000 0.100000 0.810956 
-0.250000 0.100000 0.926684 
-0.200000 0.100000 1.172847 
-0.150000 0.100000 -0.005037 
-0.100000 0.100000 3.162274 
-0.050000 0.100000 3.673021 
0.000000 0.100000 3.458044 
0.050000 0.100000 3.255148 
0.100000 0.100000 3.523860 
0.150000 0.100000 3.926849 
0.200000 0.100000 2.732168 
0.250000 0.100000 2.478331 
0.300000 0.100000 2.635032 
0.350000 0.100000 2.507252 
0.400000 0.100000 2.350290 
0.450000 0.100000 1.157548 
0.500000 0.100000 2.141235 
0.550000 0.100000 2.009667 
0.600000 0.100000 1.898034 
0.650000 0.100000 1.779317 
0.700000 0.100000 1.667021 
0.750000 0.100000 1.561039 
0.800000 0.100000 1.439466 
0.850000 0.100000 1.331158 
0.900000 0.100000 1.222183 
0.950000 0.100000 -0.940656 
-1.000000 0.150000 -1.000000 
-0.950000 0.150000 -1.000000 
-0.900000 0.150000 0.237587 
-0.850000 0.150000 0.244831 
-0.800000 0.150000 0.252455 
-0.750000 0.150000 0.268129 
-0.700000 0.150000 0.300117 
-0.650000 0.150000 0.284571 
-0.600000 0.150000 0.270828 
-0.550000 0.150000 0.268318 
-0.500000 0.150000 0.277221 
-0.450000 0.150000 0.297578 
-0.400000 0.150000 -0.599403 
-0.350000 0.150000 0.281751 
-0.300000 0.150000 0.812387 
-0.250000 0.150000 0.852462 
-0.200000 0.150000 0.999754 
-0.150000 0.150000 0.117518 
-0.100000 0.150000 2.756345 
-0.050000 0.150000 3.418206 
0.000000 0.150000 3.261081 
0.050000 0.150000 3.065911 
0.100000 0.150000 3.227279 
0.150000 0.150000 3.404156 
0.200000 0.150000 2.372908 
0.250000 0.150000 2.168639 
0.300000 0.150000 2.501988 
0.350000 0.150000 2.376850 
0.400000 0.150000 2.068168 
0.450000 0.150000 0.802568 
0.500000 0.150000 2.019289 
0.550000 0.150000 1.892254 
0.600000 0.150000 1.791228 
0.650000 0.150000 1.658174 
0.700000 0.150000 1.540405 
0.750000 0.150000 1.460480 
0.800000 0.150000 1.357149 
0.850000 0.150000 1.264239 
0.900000 0.150000 1.181141 
0.950000 0.150000 -0.622712 
-1.000000 0.200000 -1.000000 
-0.950000 0.200000 -1.000000 
-0.900000 0.200000 0.251400 
-0.850000 0.200000 0.267101 
-0.800000 0.200000 0.262004 
-0.750000 0.200000 0.266923 
-0.700000 0.200000 0.271219 
-0.650000 0.200000 0.267246 
-0.600000 0.200000 0.264573 
-0.550000 0.200000 0.273526 
-0.500000 0.200000 0.270479 
-0.450000 0.200000 0.281144 
-0.400000 0.200000 -0.559069 
-0.350000 0.200000 0.274059 
-0.300000 0.200000 0.874436 
-0.250000 0.200000 0.864448 
-0.200000 0.200000 0.868610 
-0.150000 0.200000 0.244412 
-0.100000 0.200000 1.566940 
-0.050000 0.200000 2.779188 
0.000000 0.200000 3.078733 
0.050000 0.200000 2.907316 
0.100000 0.200000 2.766216 
0.150000 0.200000 2.200646 
0.200000 0.200000 1.139588 
0.250000 0.200000 1.830760 
0.300000 0.200000 2.366272 
0.350000 0.200000 2.249771 
0.400000 0.200000 2.060834 
0.450000 0.200000 0.839770 
0.500000 0.200000 1.612596 
0.550000 0.200000 1.750541 
0.600000 0.200000 1.679097 
0.650000 0.200000 1.561536 
0.700000 0.200000 1.462272 
0.750000 0.200000 1.373701 
0.800000 0.200000 1.263499 
0.850000 0.200000 1.187247 
0.900000 0.200000 1.106917 
0.950000 0.200000 -0.616035 
-1.000000 0.250000 -1.000000 
-0.950000 0.250000 -1.000000 
-0.900000 0.250000 0.326685 
-0.850000 0.250000 0.307737 
-0.800000 0.250000 0.276638 
-0.750000 0.250000 0.268406 
-0.700000 0.250000 0.280312 
-0.650000 0.250000 0.290087 
-0.600000 0.250000 0.277915 
-0.550000 0.250000 0.274571 
-0.500000 0.250000 0.280056 
-0.450000 0.250000 0.270679 
-0.400000 0.250000 -0.723870 
-0.350000 0.250000 0.181558 
-0.300000 0.250000 0.977437 
-0.250000 0.250000 1.096783 
-0.200000 0.250000 0.968492 
-0.150000 0.250000 0.970704 
-0.100000 0.250000 1.880957 
-0.050000 0.250000 2.404757 
0.000000 0.250000 2.889897 
0.050000 0.250000 2.743529 
0.100000 0.250000 2.746703 
0.150000 0.250000 1.832140 
0.200000 0.250000 1.146397 
0.250000 0.250000 1.394055 
0.300000 0.250000 2.211509 
0.350000 0.250000 2.120597 
0.400000 0.250000 1.957168 
0.450000 0.250000 0.762091 
0.500000 0.250000 1.625537 
0.550000 0.250000 1.647081 
0.600000 0.250000 1.559794 
0.650000 0.250000 1.467497 
0.700000 0.250000 1.374668 
0.750000 0.250000 1.301331 
0.800000 0.250000 1.206087 
0.850000 0.250000 1.114774 
0.900000 0.250000 1.033326 
0.950000 0.250000 -0.002443 
-1.000000 0.300000 -1.000000 
-0.950000 0.300000 -1.000000 
-0.900000 0.300000 0.324038 
-0.850000 0.300000 0.329329 
-0.800000 0.300000 0.307858 
-0.750000 0.300000 0.279395 
-0.700000 0.300000 0.288003 
-0.650000 0.300000 0.296565 
-0.600000 0.300000 0.306230 
-0.550000 0.300000 0.295998 
-0.500000 0.300000 0.281085 
-0.450000 0.300000 0.266055 
-0.400000 0.300000 -0.475851 
-0.350000 0.300000 0.730399 
-0.300000 0.300000 1.093597 
-0.250000 0.300000 1.290946 
-0.200000 0.300000 1.605801 
-0.150000 0.300000 1.859446 
-0.100000 0.300000 2.074482 
-0.050000 0.300000 2.344460 
0.000000 0.300000 2.726381 
0.050000 0.300000 2.566436 
0.100000 0.300000 2.662555 
0.150000 0.300000 2.480072 
0.200000 0.300000 2.270681 
0.250000 0.300000 2.132401 
0.300000 0.300000 2.078146 
0.350000 0.300000 1.993109 
0.400000 0.300000 1.786693 
0.450000 0.300000 0.675894 
0.500000 0.300000 1.578934 
0.550000 0.300000 1.534339 
0.600000 0.300000 1.447887 
0.650000 0.300000 1.363658 
0.700000 0.300000 1.273346 
0.750000 0.300000 1.220283 
0.800000 0.300000 1.120436 
0.850000 0.300000 1.050359 
0.900000 0.300000 0.981639 
0.950000 0.300000 -0.664190 
-1.000000 0.350000 -1.000000 
-0.950000 0.350000 -1.000000 
-0.900000 0.350000 0.348167 
-0.850000 0.350000 0.413483 
-0.800000 0.350000 -0.131936 
-0.750000 0.350000 -0.183536 
-0.700000 0.350000 0.024873 
-0.650000 0.350000 -0.067141 
-0.600000 0.350000 0.296037 
-0.550000 0.350000 0.283218 
-0.500000 0.350000 0.268274 
-0.450000 0.350000 0.262991 
-0.400000 0.350000 -0.341436 
-0.350000 0.350000 0.423031 
-0.300000 0.350000 1.018524 
-0.250000 0.350000 1.213233 
-0.200000 0.350000 1.434146 
-0.150000 0.350000 1.702552 
-0.100000 0.350000 1.941729 
-0.050000 0.350000 2.224203 
0.000000 0.350000 2.531817 
0.050000 0.350000 2.397217 
0.100000 0.350000 2.470567 
0.150000 0.350000 2.291883 
0.200000 0.350000 2.119374 
0.250000 0.350000 2.004457 
0.300000 0.350000 1.950794 
0.350000 0.350000 1.864442 
0.400000 0.350000 1.734249 
0.450000 0.350000 0.584164 
0.500000 0.350000 1.490606 
0.550000 0.350000 1.401836 
0.600000 0.350000 1.340387 
0.650000 0.350000 1.254490 
0.700000 0.350000 1.163162 
0.750000 0.350000 1.005497 
0.800000 0.350000 0.971278 
0.850000 0.350000 0.985466 
0.900000 0.350000 0.916288 
0.950000 0.350000 -0.096918 
-1.000000 0.400000 -1.000000 
-0.950000 0.400000 -1.000000 
-0.900000 0.400000 0.285606 
-0.850000 0.400000 0.328558 
-0.800000 0.400000 -0.767010 
-0.750000 0.400000 -0.793307 
-0.700000 0.400000 -0.824091 
-0.650000 0.400000 -0.866308 
-0.600000 0.400000 0.282909 
-0.550000 0.400000 0.268291 
-0.500000 0.400000 0.261814 
-0.450000 0.400000 0.262760 
-0.400000 0.400000 -0.616292 
-0.350000 0.400000 0.076029 
-0.300000 0.400000 0.973874 
-0.250000 0.400000 1.122047 
-0.200000 0.400000 1.335698 
-0.150000 0.400000 1.494456 
-0.100000 0.400000 1.863986 
-0.050000 0.400000 2.083421 
0.000000 0.400000 2.193612 
0.050000 0.400000 2.251418 
0.100000 0.400000 2.276250 
0.150000 0.400000 2.105957 
0.200000 0.400000 1.964667 
0.250000 0.400000 1.858212 
0.300000 0.400000 1.825220 
0.350000 0.400000 1.737744 
0.400000 0.400000 1.591088 
0.450000 0.400000 0.486810 
0.500000 0.400000 1.400249 
0.550000 0.400000 1.299716 
0.600000 0.400000 1.255362 
0.650000 0.400000 0.772915 
0.700000 0.400000 0.031858 
0.750000 0.400000 -0.046406 
0.800000 0.400000 -0.103310 
0.850000 0.400000 0.921374 
0.900000 0.400000 0.854769 
0.950000 0.400000 -0.552879 
-1.000000 0.450000 -1.000000 
-0.950000 0.450000 -1.000000 
-0.900000 0.450000 0.223996 
-0.850000 0.450000 0.272597 
-0.800000 0.450000 -0.742991 
-0.750000 0.450000 -1.000000 
-0.700000 0.450000 -1.000000 
-0.650000 0.450000 -0.717669 
-0.600000 0.450000 0.267924 
-0.550000 0.450000 0.255617 
-0.500000 0.450000 0.262504 
-0.450000 0.450000 0.254223 
-0.400000 0.450000 -0.646553 
-0.350000 0.450000 -0.099493 
-0.300000 0.450000 0.907724 
-0.250000 0.450000 0.990162 
-0.200000 0.450000 1.280375 
-0.150000 0.450000 1.404346 
-0.100000 0.450000 1.677764 
-0.050000 0.450000 1.951097 
0.000000 0.450000 2.085967 
0.050000 0.450000 2.072932 
0.100000 0.450000 2.108387 
0.150000 0.450000 1.959652 
0.200000 0.450000 1.829711 
0.250000 0.450000 1.746106 
0.300000 0.450000 1.718542 
0.350000 0.450000 1.616923 
0.400000 0.450000 1.518617 
0.450000 0.450000 0.376064 
0.500000 0.450000 1.294551 
0.550000 0.450000 1.222603 
0.600000 0.450000 1.169688 
0.650000 0.450000 0.403137 
0.700000 0.450000 -0.539535 
0.750000 0.450000 -0.699816 
0.800000 0.450000 -0.217892 
0.850000 0.450000 0.856176 
0.900000 0.450000 0.800769 
0.950000 0.450000 -1.000000 
-1.000000 0.500000 -1.000000 
-0.950000 0.500000 -1.000000 
-0.900000 0.500000 0.203091 
-0.850000 0.500000 0.224205 
-0.800000 0.500000 0.207136 
-0.750000 0.500000 0.200277 
-0.700000 0.500000 0.211882 
-0.650000 0.500000 0.224347 
-0.600000 0.500000 0.254137 
-0.550000 0.500000 0.246858 
-0.500000 0.500000 0.250549 
-0.450000 0.500000 0.248094 
-0.400000 0.500000 -0.351676 
-0.350000 0.500000 -1.000000 
-0.300000 0.500000 -0.154210 
-0.250000 0.500000 -0.129625 
-0.200000 0.500000 0.201131 
-0.150000 0.500000 0.339276 
-0.100000 0.500000 0.583454 
-0.050000 0.500000 0.823078 
0.000000 0.500000 1.005140 
0.050000 0.500000 0.944647 
0.100000 0.500000 0.972717 
0.150000 0.500000 0.840640 
0.200000 0.500000 0.713835 
0.250000 0.500000 0.640109 
0.300000 0.500000 0.610162 
0.350000 0.500000 0.519907 
0.400000 0.500000 0.387578 
0.450000 0.500000 -0.294520 
0.500000 0.500000 1.208267 
0.550000 0.500000 1.147551 
0.600000 0.500000 1.093802 
0.650000 0.500000 1.012698 
0.700000 0.500000 0.935401 
0.750000 0.500000 0.865049 
0.800000 0.500000 0.814723 
0.850000 0.500000 0.803618 
0.900000 0.500000 0.751735 
0.950000 0.500000 -1.000000 
-1.000000 0.550000 -1.000000 
-0.950000 0.550000 -1.000000 
-0.900000 0.550000 0.210462 
-0.850000 0.550000 0.204556 
-0.800000 0.550000 0.208456 
-0.750000 0.550000 0.201409 
-0.700000 0.550000 0.211491 
-0.650000 0.550000 0.226208 
-0.600000 0.550000 0.243600 
-0.550000 0.550000 0.238509 
-0.500000 0.550000 0.247312 
-0.450000 0.550000 0.242392 
-0.400000 0.550000 -0.688052 
-0.350000 0.550000 -1.000000 
-0.300000 0.550000 -1.000000 
-0.250000 0.550000 -1.000000 
-0.200000 0.550000 -0.844515 
-0.150000 0.550000 -0.689821 
-0.100000 0.550000 -0.472862 
-0.050000 0.550000 -0.283419 
0.000000 0.550000 -0.069672 
0.050000 0.550000 -0.119788 
0.100000 0.550000 -0.130310 
0.150000 0.550000 -0.235649 
0.200000 0.550000 -0.340137 
0.250000 0.550000 -0.410976 
0.300000 0.550000 -0.445929 
0.350000 0.550000 -0.542654 
0.400000 0.550000 -0.699798 
0.450000 0.550000 -0.026531 
0.500000 0.550000 1.137147 
0.550000 0.550000 1.081246 
0.600000 0.550000 1.010661 
0.650000 0.550000 0.940184 
0.700000 0.550000 0.882286 
0.750000 0.550000 0.825836 
0.800000 0.550000 0.764407 
0.850000 0.550000 0.751953 
0.900000 0.550000 0.701753 
0.950000 0.550000 -1.000000 
-1.000000 0.600000 -1.000000 
-0.950000 0.600000 -1.000000 
-0.900000 0.600000 0.232577 
-0.850000 0.600000 0.243571 
-0.800000 0.600000 0.228686 
-0.750000 0.600000 0.209631 
-0.700000 0.600000 0.215086 
-0.650000 0.600000 0.223408 
-0.600000 0.600000 0.236767 
-0.550000 0.600000 0.244854 
-0.500000 0.600000 0.265684 
-0.450000 0.600000 0.276046 
-0.400000 0.600000 0.277269 
-0.350000 0.600000 0.272604 
-0.300000 0.600000 0.263194 
-0.250000 0.600000 0.296546 
-0.200000 0.600000 0.306016 
-0.150000 0.600000 0.315175 
-0.100000 0.600000 0.315235 
-0.050000 0.600000 0.313594 
0.000000 0.600000 0.290487 
0.050000 0.600000 0.279464 
0.100000 0.600000 0.276879 
0.150000 0.600000 0.287434 
0.200000 0.600000 0.334877 
0.250000 0.600000 0.449455 
0.300000 0.600000 0.499476 
0.350000 0.600000 0.601045 
0.400000 0.600000 0.739093 
0.450000 0.600000 0.920916 
0.500000 0.600000 1.078124 
0.550000 0.600000 1.012567 
0.600000 0.600000 0.944719 
0.650000 0.600000 0.877458 
0.700000 0.600000 0.825809 
0.750000 0.600000 0.771972 
0.800000 0.600000 0.717806 
0.850000 0.600000 0.706719 
0.900000 0.600000 0.658973 
0.950000 0.600000 -1.000000 
-1.000000 0.650000 -1.000000 
-0.950000 0.650000 -1.000000 
-0.900000 0.650000 0.237029 
-0.850000 0.650000 0.257182 
-0.800000 0.650000 0.258853 
-0.750000 0.650000 0.235829 
-0.700000 0.650000 0.228307 
-0.650000 0.650000 0.226340 
-0.600000 0.650000 0.237315 
-0.550000 0.650000 0.245680 
-0.500000 0.650000 0.271738 
-0.450000 0.650000 0.281508 
-0.400000 0.650000 0.287332 
-0.350000 0.650000 0.292771 
-0.300000 0.650000 0.324222 
-0.250000 0.650000 0.311512 
-0.200000 0.650000 0.331923 
-0.150000 0.650000 0.353218 
-0.100000 0.650000 0.366311 
-0.050000 0.650000 0.373639 
0.000000 0.650000 0.359940 
0.050000 0.650000 0.341996 
0.100000 0.650000 0.321925 
0.150000 0.650000 0.299655 
0.200000 0.650000 0.318111 
0.250000 0.650000 0.390734 
0.300000 0.650000 0.476709 
0.350000 0.650000 0.596772 
0.400000 0.650000 0.672058 
0.450000 0.650000 0.842946 
0.500000 0.650000 1.003183 
0.550000 0.650000 0.945903 
0.600000 0.650000 0.874583 
0.650000 0.650000 0.813053 
0.700000 0.650000 0.768759 
0.750000 0.650000 0.704267 
0.800000 0.650000 0.664636 
0.850000 0.650000 0.656010 
0.900000 0.650000 0.609991 
0.950000 0.650000 -1.000000 
-1.000000 0.700000 -1.000000 
-0.950000 0.700000 -1.000000 
-0.900000 0.700000 0.247113 
-0.850000 0.700000 0.276938 
-0.800000 0.700000 0.292461 
-0.750000 0.700000 0.278762 
-0.700000 0.700000 0.250852 
-0.650000 0.700000 0.391374 
-0.600000 0.700000 0.235119 
-0.550000 0.700000 0.250803 
-0.500000 0.700000 0.273226 
-0.450000 0.700000 0.293783 
-0.400000 0.700000 0.299237 
-0.350000 0.700000 0.306112 
-0.300000 0.700000 0.601031 
-0.250000 0.700000 0.330316 
-0.200000 0.700000 0.330650 
-0.150000 0.700000 0.362215 
-0.100000 0.700000 0.378567 
-0.050000 0.700000 0.385953 
0.000000 0.700000 0.384700 
0.050000 0.700000 0.373624 
0.100000 0.700000 0.357166 
0.150000 0.700000 0.332531 
0.200000 0.700000 0.292415 
0.250000 0.700000 0.344248 
0.300000 0.700000 0.433621 
0.350000 0.700000 0.551689 
0.400000 0.700000 0.634483 
0.450000 0.700000 0.793522 
0.500000 0.700000 0.940998 
0.550000 0.700000 0.876442 
0.600000 0.700000 0.827766 
0.650000 0.700000 0.770731 
0.700000 0.700000 0.718266 
0.750000 0.700000 0.645555 
0.800000 0.700000 0.663795 
0.850000 0.700000 0.685496 
0.900000 0.700000 0.675753 
0.950000 0.700000 -1.000000 
-1.000000 0.750000 -1.000000 
-0.950000 0.750000 -1.000000 
-0.900000 0.750000 0.229027 
-0.850000 0.750000 0.283937 
-0.800000 0.750000 0.288860 
-0.750000 0.750000 0.258086 
-0.700000 0.750000 0.263304 
-0.650000 0.750000 0.252838 
-0.600000 0.750000 0.250163 
-0.550000 0.750000 0.240762 
-0.500000 0.750000 0.261909 
-0.450000 0.750000 0.287571 
-0.400000 0.750000 0.304318 
-0.350000 0.750000 0.308223 
-0.300000 0.750000 0.751336 
-0.250000 0.750000 0.525558 
-0.200000 0.750000 0.330743 
-0.150000 0.750000 0.357856 
-0.100000 0.750000 0.376212 
-0.050000 0.750000 0.379498 
0.000000 0.750000 0.375623 
0.050000 0.750000 0.368383 
0.100000 0.750000 0.345449 
0.150000 0.750000 0.322691 
0.200000 0.750000 0.280665 
0.250000 0.750000 0.348175 
0.300000 0.750000 0.426501 
0.350000 0.750000 0.523156 
0.400000 0.750000 0.597212 
0.450000 0.750000 0.711610 
0.500000 0.750000 0.840394 
0.550000 0.750000 0.819878 
0.600000 0.750000 0.756803 
0.650000 0.750000 0.707316 
0.700000 0.750000 0.659507 
0.750000 0.750000 0.600133 
0.800000 0.750000 0.651981 
0.850000 0.750000 0.718209 
0.900000 0.750000 0.723462 
0.950000 0.750000 -0.960651 
-1.000000 0.800000 -1.000000 
-0.950000 0.800000 -1.000000 
-0.900000 0.800000 0.215942 
-0.850000 0.800000 0.267959 
-0.800000 0.800000 0.255170 
-0.750000 0.800000 0.276102 
-0.700000 0.800000 0.281402 
-0.650000 0.800000 0.286482 
-0.600000 0.800000 0.277219 
-0.550000 0.800000 0.256804 
-0.500000 0.800000 0.260420 
-0.450000 0.800000 0.291661 
-0.400000 0.800000 0.302929 
-0.350000 0.800000 0.313449 
-0.300000 0.800000 0.407936 
-0.250000 0.800000 0.364308 
-0.200000 0.800000 0.316333 
-0.150000 0.800000 0.354249 
-0.100000 0.800000 0.380186 
-0.050000 0.800000 0.373370 
0.000000 0.800000 0.362143 
0.050000 0.800000 0.518266 
0.100000 0.800000 0.318461 
0.150000 0.800000 0.293662 
0.200000 0.800000 0.259061 
0.250000 0.800000 0.302126 
0.300000 0.800000 0.340322 
0.350000 0.800000 0.435957 
0.400000 0.800000 0.558255 
0.450000 0.800000 0.612353 
0.500000 0.800000 0.766370 
0.550000 0.800000 0.740497 
0.600000 0.800000 0.690148 
0.650000 0.800000 0.604878 
0.700000 0.800000 0.569238 
0.750000 0.800000 0.558666 
0.800000 0.800000 0.614383 
0.850000 0.800000 0.697383 
0.900000 0.800000 0.685613 
0.950000 0.800000 -1.000000 
-1.000000 0.850000 -1.000000 
-0.950000 0.850000 -1.000000 
-0.900000 0.850000 0.182948 
-0.850000 0.850000 0.237650 
-0.800000 0.850000 0.219750 
-0.750000 0.850000 0.281848 
-0.700000 0.850000 0.275533 
-0.650000 0.850000 0.276975 
-0.600000 0.850000 0.258645 
-0.550000 0.850000 0.237584 
-0.500000 0.850000 0.243268 
-0.450000 0.850000 0.278143 
-0.400000 0.850000 0.310579 
-0.350000 0.850000 0.314319 
-0.300000 0.850000 0.309608 
-0.250000 0.850000 0.296800 
-0.200000 0.850000 0.303525 
-0.150000 0.850000 0.339007 
-0.100000 0.850000 0.377813 
-0.050000 0.850000 0.365054 
0.000000 0.850000 0.349376 
0.050000 0.850000 0.326257 
0.100000 0.850000 0.303349 
0.150000 0.850000 0.281462 
0.200000 0.850000 0.260459 
0.250000 0.850000 0.274949 
0.300000 0.850000 0.311084 
0.350000 0.850000 0.392319 
0.400000 0.850000 0.477608 
0.450000 0.850000 0.536729 
0.500000 0.850000 0.701512 
0.550000 0.850000 0.676355 
0.600000 0.850000 0.621261 
0.650000 0.850000 0.560628 
0.700000 0.850000 0.531564 
0.750000 0.850000 0.498000 
0.800000 0.850000 0.523150 
0.850000 0.850000 0.669392 
0.900000 0.850000 0.588451 
0.950000 0.850000 -1.000000 
-1.000000 0.900000 -1.000000 
-0.950000 0.900000 -1.000000 
-0.900000 0.900000 -0.856361 
-0.850000 0.900000 -0.794984 
-0.800000 0.900000 -0.813916 
-0.750000 0.900000 -0.716952 
-0.700000 0.900000 -0.690711 
-0.650000 0.900000 -0.633285 
-0.600000 0.900000 -0.741618 
-0.550000 0.900000 -0.753138 
-0.500000 0.900000 -0.668867 
-0.450000 0.900000 -0.686602 
-0.400000 0.900000 -0.683960 
-0.350000 0.900000 -0.636055 
-0.300000 0.900000 -0.695234 
-0.250000 0.900000 -0.689439 
-0.200000 0.900000 -0.709629 
-0.150000 0.900000 -0.673299 
-0.100000 0.900000 -0.628931 
-0.050000 0.900000 -0.648872 
0.000000 0.900000 -0.669102 
0.050000 0.900000 -0.692843 
0.100000 0.900000 -0.723202 
0.150000 0.900000 -0.745748 
0.200000 0.900000 -0.755819 
0.250000 0.900000 -0.737485 
0.300000 0.900000 -0.695942 
0.350000 0.900000 -0.650405 
0.400000 0.900000 -0.572355 
0.450000 0.900000 -0.537889 
0.500000 0.900000 -0.380281 
0.550000 0.900000 -0.393912 
0.600000 0.900000 -0.397043 
0.650000 0.900000 -0.412306 
0.700000 0.900000 -0.353059 
0.750000 0.900000 -0.552182 
0.800000 0.900000 -0.536748 
0.850000 0.900000 -0.279396 
0.900000 0.900000 -0.492728 
0.950000 0.900000 -1.000000 
-1.000000 0.950000 -1.000000 
-0.950000 0.950000 -1.000000 
-0.900000 0.950000 -1.000000 
-0.850000 0.950000 -1.000000 
-0.800000 0.950000 -1.000000 
-0.750000 0.950000 -1.000000 
-0.700000 0.950000 -1.000000 
-0.650000 0.950000 -1.000000 
-0.600000 0.950000 -1.000000 
-0.550000 0.950000 -1.000000 
-0.500000 0.950000 -1.000000 
-0.450000 0.950000 -1.000000 
-0.400000 0.950000 -1.000000 
-0.350000 0.950000 -1.000000 
-0.300000 0.950000 -1.000000 
-0.250000 0.950000 -1.000000 
-0.200000 0.950000 -1.000000 
-0.150000 0.950000 -1.000000 
-0.100000 0.950000 -1.000000 
-0.050000 0.950000 -1.000000 
0.000000 0.950000 -1.000000 
0.050000 0.950000 -1.000000 
0.100000 0.950000 -1.000000 
0.150000 0.950000 -1.000000 
0.200000 0.950000 -1.000000 
0.250000 0.950000 -1.000000 
0.300000 0.950000 -1.000000 
0.350000 0.950000 -1.000000 
0.400000 0.950000 -1.000000 
0.450000 0.950000 -1.000000 
0.500000 0.950000 -1.000000 
0.550000 0.950000 -1.000000 
0.600000 0.950000 -1.000000 
0.650000 0.950000 -1.000000 
0.700000 0.950000 -1.000000 
0.750000 0.950000 -1.000000 
0.800000 0.950000 -1.000000 
0.850000 0.950000 -1.000000 
0.900000 0.950000 -1.000000 
0.950000 0.950000 -1.000000 
