-1.000000 -1.000000 1.219675 
-0.875000 -1.000000 1.109192 
-0.750000 -1.000000 0.779573 
-0.625000 -1.000000 0.549322 
-0.500000 -1.000000 0.386720 
-0.375000 -1.000000 0.271674 
-0.250000 -1.000000 0.190606 
-0.125000 -1.000000 0.133539 
0.000000 -1.000000 0.093473 
0.125000 -1.000000 0.065389 
0.250000 -1.000000 0.045729 
0.375000 -1.000000 0.031977 
0.500000 -1.000000 0.022361 
0.625000 -1.000000 0.015636 
0.750000 -1.000000 0.010935 
0.875000 -1.000000 0.006141 
-1.000000 -0.875000 0.538439 
-0.875000 -0.875000 1.240548 
-0.750000 -0.875000 1.001615 
-0.625000 -0.875000 0.703586 
-0.500000 -0.875000 0.496215 
-0.375000 -0.875000 0.348579 
-0.250000 -0.875000 0.244173 
-0.125000 -0.875000 0.170639 
0.000000 -0.875000 0.119054 
0.125000 -0.875000 0.083021 
0.250000 -0.875000 0.057955 
0.375000 -0.875000 0.040490 
0.500000 -0.875000 0.028320 
0.625000 -0.875000 0.019819 
0.750000 -0.875000 0.013874 
0.875000 -0.875000 0.007757 
-1.000000 -0.750000 0.715713 
-0.875000 -0.750000 1.014963 
-0.750000 -0.750000 1.232258 
-0.625000 -0.750000 1.004827 
-0.500000 -0.750000 0.716038 
-0.375000 -0.750000 0.505725 
-0.250000 -0.750000 0.355451 
-0.125000 -0.750000 0.248726 
0.000000 -0.750000 0.173727 
0.125000 -0.750000 0.121276 
0.250000 -0.750000 0.084621 
0.375000 -0.750000 0.059005 
0.500000 -0.750000 0.041164 
0.625000 -0.750000 0.028739 
0.750000 -0.750000 0.020053 
0.875000 -0.750000 0.010451 
-1.000000 -0.625000 0.491130 
-0.875000 -0.625000 0.698052 
-0.750000 -0.625000 1.002778 
-0.625000 -0.625000 1.232717 
-0.500000 -0.625000 1.020396 
-0.375000 -0.625000 0.705762 
-0.250000 -0.625000 0.488095 
-0.125000 -0.625000 0.339818 
0.000000 -0.625000 0.237597 
0.125000 -0.625000 0.166461 
0.250000 -0.625000 0.116678 
0.375000 -0.625000 0.081744 
0.500000 -0.625000 0.057253 
0.625000 -0.625000 0.040089 
0.750000 -0.625000 0.028062 
0.875000 -0.625000 0.014236 
-1.000000 -0.500000 0.347912 
-0.875000 -0.500000 0.495876 
-0.750000 -0.500000 0.705048 
-0.625000 -0.500000 1.005630 
-0.500000 -0.500000 1.226470 
-0.375000 -0.500000 0.966350 
-0.250000 -0.500000 0.693231 
-0.125000 -0.500000 0.490371 
0.000000 -0.500000 0.344155 
0.125000 -0.500000 0.240737 
0.250000 -0.500000 0.168145 
0.375000 -0.500000 0.117424 
0.500000 -0.500000 0.082061 
0.625000 -0.500000 0.057385 
0.750000 -0.500000 0.040163 
0.875000 -0.500000 0.021302 
-1.000000 -0.375000 0.236880 
-0.875000 -0.375000 0.336331 
-0.750000 -0.375000 0.479695 
-0.625000 -0.375000 0.689779 
-0.500000 -0.375000 0.993071 
-0.375000 -0.375000 1.237150 
-0.250000 -0.375000 0.943209 
-0.125000 -0.375000 0.674830 
0.000000 -0.375000 0.479249 
0.125000 -0.375000 0.338190 
0.250000 -0.375000 0.238255 
0.375000 -0.375000 0.167269 
0.500000 -0.375000 0.117201 
0.625000 -0.375000 0.082008 
0.750000 -0.375000 0.057373 
0.875000 -0.375000 0.030192 
-1.000000 -0.250000 0.164448 
-0.875000 -0.250000 0.238428 
-0.750000 -0.250000 0.345652 
-0.625000 -0.250000 0.498661 
-0.500000 -0.250000 0.715227 
-0.375000 -0.250000 1.013332 
-0.250000 -0.250000 1.225980 
-0.125000 -0.250000 0.968088 
0.000000 -0.250000 0.692048 
0.125000 -0.250000 0.492543 
0.250000 -0.250000 0.347499 
0.375000 -0.250000 0.244037 
0.500000 -0.250000 0.170971 
0.625000 -0.250000 0.119636 
0.750000 -0.250000 0.083657 
0.875000 -0.250000 0.044186 
-1.000000 -0.125000 0.114721 
-0.875000 -0.125000 0.165472 
-0.750000 -0.125000 0.239278 
-0.625000 -0.125000 0.345445 
-0.500000 -0.125000 0.495430 
-0.375000 -0.125000 0.702656 
-0.250000 -0.125000 0.991109 
-0.125000 -0.125000 1.215731 
0.000000 -0.125000 0.998037 
0.125000 -0.125000 0.696748 
0.250000 -0.125000 0.488005 
0.375000 -0.125000 0.341852 
0.500000 -0.125000 0.239672 
0.625000 -0.125000 0.167870 
0.750000 -0.125000 0.117385 
0.875000 -0.125000 0.061745 
-1.000000 0.000000 0.234604 
-0.875000 0.000000 0.247648 
-0.750000 0.000000 0.266148 
-0.625000 0.000000 0.252177 
-0.500000 0.000000 0.268022 
-0.375000 0.000000 0.296321 
-0.250000 0.000000 0.346711 
-0.125000 0.000000 0.559563 
0.000000 0.000000 0.663509 
0.125000 0.000000 0.534804 
0.250000 0.000000 0.359940 
0.375000 0.000000 0.286119 
0.500000 0.000000 0.244689 
0.625000 0.000000 0.250493 
0.750000 0.000000 0.216524 
0.875000 0.000000 0.207248 
-1.000000 0.125000 0.057295 
-0.875000 0.125000 0.081722 
-0.750000 0.125000 0.116369 
-0.625000 0.125000 0.165566 
-0.500000 0.125000 0.235952 
-0.375000 0.125000 0.337911 
-0.250000 0.125000 0.487045 
-0.125000 0.125000 0.709786 
0.000000 0.125000 1.025655 
0.125000 0.125000 1.227306 
0.250000 0.125000 0.991036 
0.375000 0.125000 0.701163 
0.500000 0.125000 0.493179 
0.625000 0.125000 0.345457 
0.750000 0.125000 0.241318 
0.875000 0.125000 0.134488 
-1.000000 0.250000 0.039924 
-0.875000 0.250000 0.056836 
-0.750000 0.250000 0.081028 
-0.625000 0.250000 0.115735 
-0.500000 0.250000 0.165597 
-0.375000 0.250000 0.237193 
-0.250000 0.250000 0.339956 
-0.125000 0.250000 0.487293 
0.000000 0.250000 0.700590 
0.125000 0.250000 1.022597 
0.250000 0.250000 1.254129 
0.375000 0.250000 1.021260 
0.500000 0.250000 0.719916 
0.625000 0.250000 0.505189 
0.750000 0.250000 0.351865 
0.875000 0.250000 0.196074 
-1.000000 0.375000 0.028027 
-0.875000 0.375000 0.039939 
-0.750000 0.375000 0.056904 
-0.625000 0.375000 0.081131 
-0.500000 0.375000 0.115718 
-0.375000 0.375000 0.165222 
-0.250000 0.375000 0.236297 
-0.125000 0.375000 0.339057 
0.000000 0.375000 0.487765 
0.125000 0.375000 0.702361 
0.250000 0.375000 0.994514 
0.375000 0.375000 1.235320 
0.500000 0.375000 1.042296 
0.625000 0.375000 0.715686 
0.750000 0.375000 0.498535 
0.875000 0.375000 0.271764 
-1.000000 0.500000 0.019921 
-0.875000 0.500000 0.028475 
-0.750000 0.500000 0.040703 
-0.625000 0.500000 0.058173 
-0.500000 0.500000 0.083105 
-0.375000 0.500000 0.118600 
-0.250000 0.500000 0.169070 
-0.125000 0.500000 0.240857 
0.000000 0.500000 0.342348 
0.125000 0.500000 0.487808 
0.250000 0.500000 0.697239 
0.375000 0.500000 1.011212 
0.500000 0.500000 1.231575 
0.625000 0.500000 0.989799 
0.750000 0.500000 0.696293 
0.875000 0.500000 0.387703 
-1.000000 0.625000 0.013757 
-0.875000 0.625000 0.019669 
-0.750000 0.625000 0.028141 
-0.625000 0.625000 0.040272 
-0.500000 0.625000 0.057631 
-0.375000 0.625000 0.082407 
-0.250000 0.625000 0.117776 
-0.125000 0.625000 0.168271 
0.000000 0.625000 0.240432 
0.125000 0.625000 0.343715 
0.250000 0.625000 0.491970 
0.375000 0.625000 0.705615 
0.500000 0.625000 1.000254 
0.625000 0.625000 1.240267 
0.750000 0.625000 0.993025 
0.875000 0.625000 0.531385 
-1.000000 0.750000 0.009739 
-0.875000 0.750000 0.013918 
-0.750000 0.750000 0.019894 
-0.625000 0.750000 0.028441 
-0.500000 0.750000 0.040687 
-0.375000 0.750000 0.058201 
-0.250000 0.750000 0.083242 
-0.125000 0.750000 0.119075 
0.000000 0.750000 0.170272 
0.125000 0.750000 0.243277 
0.250000 0.750000 0.347037 
0.375000 0.750000 0.493923 
0.500000 0.750000 0.703732 
0.625000 0.750000 1.027523 
0.750000 0.750000 1.234866 
0.875000 0.750000 0.711442 
-1.000000 0.875000 0.006161 
-0.875000 0.875000 0.008801 
-0.750000 0.875000 0.012564 
-0.625000 0.875000 0.017922 
-0.500000 0.875000 0.025556 
-0.375000 0.875000 0.036426 
-0.250000 0.875000 0.051918 
-0.125000 0.875000 0.073967 
0.000000 0.875000 0.105365 
0.125000 0.875000 0.150149 
0.250000 0.875000 0.213974 
0.375000 0.875000 0.305851 
0.500000 0.875000 0.439709 
0.625000 0.875000 0.639974 
0.750000 0.875000 0.930877 
0.875000 0.875000 1.165404 
