-1.000000 -1.000000 -1.000000 
-0.900000 -1.000000 -1.000000 
-0.800000 -1.000000 -1.000000 
-0.700000 -1.000000 -1.000000 
-0.600000 -1.000000 -1.000000 
-0.500000 -1.000000 -1.000000 
-0.400000 -1.000000 -1.000000 
-0.300000 -1.000000 -1.000000 
-0.200000 -1.000000 -1.000000 
-0.100000 -1.000000 -1.000000 
0.000000 -1.000000 -1.000000 
0.100000 -1.000000 -1.000000 
0.200000 -1.000000 -1.000000 
0.300000 -1.000000 -1.000000 
0.400000 -1.000000 -1.000000 
0.500000 -1.000000 -1.000000 
0.600000 -1.000000 -1.000000 
0.700000 -1.000000 -1.000000 
0.800000 -1.000000 -1.000000 
0.900000 -1.000000 -1.000000 
-1.000000 -0.900000 -1.000000 
-0.900000 -0.900000 -1.000000 
-0.800000 -0.900000 -1.000000 
-0.700000 -0.900000 -1.000000 
-0.600000 -0.900000 -1.000000 
-0.500000 -0.900000 -1.000000 
-0.400000 -0.900000 -1.000000 
-0.300000 -0.900000 -1.000000 
-0.200000 -0.900000 -1.000000 
-0.100000 -0.900000 -1.000000 
0.000000 -0.900000 -1.000000 
0.100000 -0.900000 -1.000000 
0.200000 -0.900000 -1.000000 
0.300000 -0.900000 -1.000000 
0.400000 -0.900000 -1.000000 
0.500000 -0.900000 -1.000000 
0.600000 -0.900000 -1.000000 
0.700000 -0.900000 -1.000000 
0.800000 -0.900000 -1.000000 
0.900000 -0.900000 -1.000000 
-1.000000 -0.800000 -1.000000 
-0.900000 -0.800000 0.157649 
-0.800000 -0.800000 0.156733 
-0.700000 -0.800000 0.164851 
-0.600000 -0.800000 0.162936 
-0.500000 -0.800000 0.161784 
-0.400000 -0.800000 0.162243 
-0.300000 -0.800000 0.157982 
-0.200000 -0.800000 0.152613 
-0.100000 -0.800000 0.146727 
0.000000 -0.800000 0.141970 
0.100000 -0.800000 0.141071 
0.200000 -0.800000 0.136329 
0.300000 -0.800000 0.132679 
0.400000 -0.800000 0.129820 
0.500000 -0.800000 0.128128 
0.600000 -0.800000 0.124010 
0.700000 -0.800000 0.119977 
0.800000 -0.800000 0.116359 
0.900000 -0.800000 -0.742192 
-1.000000 -0.700000 -1.000000 
-0.900000 -0.700000 0.167589 
-0.800000 -0.700000 0.175329 
-0.700000 -0.700000 0.175359 
-0.600000 -0.700000 0.176046 
-0.500000 -0.700000 0.174377 
-0.400000 -0.700000 0.177061 
-0.300000 -0.700000 0.182333 
-0.200000 -0.700000 0.168571 
-0.100000 -0.700000 0.163707 
0.000000 -0.700000 0.155635 
0.100000 -0.700000 0.151722 
0.200000 -0.700000 0.147437 
0.300000 -0.700000 0.142523 
0.400000 -0.700000 0.138040 
0.500000 -0.700000 0.134645 
0.600000 -0.700000 0.133168 
0.700000 -0.700000 0.129986 
0.800000 -0.700000 0.125625 
0.900000 -0.700000 -0.716783 
-1.000000 -0.600000 -1.000000 
-0.900000 -0.600000 0.173219 
-0.800000 -0.600000 0.183876 
-0.700000 -0.600000 0.188698 
-0.600000 -0.600000 0.193072 
-0.500000 -0.600000 0.194940 
-0.400000 -0.600000 0.194508 
-0.300000 -0.600000 0.191992 
-0.200000 -0.600000 0.189475 
-0.100000 -0.600000 0.180351 
0.000000 -0.600000 0.172149 
0.100000 -0.600000 0.165184 
0.200000 -0.600000 0.158088 
0.300000 -0.600000 0.153729 
0.400000 -0.600000 0.151863 
0.500000 -0.600000 0.144399 
0.600000 -0.600000 0.140843 
0.700000 -0.600000 0.138844 
0.800000 -0.600000 0.135796 
0.900000 -0.600000 -0.449850 
-1.000000 -0.500000 -0.981878 
-0.900000 -0.500000 0.174886 
-0.800000 -0.500000 0.186179 
-0.700000 -0.500000 0.194602 
-0.600000 -0.500000 0.203974 
-0.500000 -0.500000 0.211863 
-0.400000 -0.500000 0.217122 
-0.300000 -0.500000 0.218925 
-0.200000 -0.500000 0.211994 
-0.100000 -0.500000 0.198877 
0.000000 -0.500000 0.182626 
0.100000 -0.500000 0.157169 
0.200000 -0.500000 0.144208 
0.300000 -0.500000 0.160939 
0.400000 -0.500000 0.157406 
0.500000 -0.500000 0.155687 
0.600000 -0.500000 0.150332 
0.700000 -0.500000 0.147551 
0.800000 -0.500000 0.142120 
0.900000 -0.500000 -0.941831 
-1.000000 -0.400000 -1.000000 
-0.900000 -0.400000 0.178353 
-0.800000 -0.400000 0.190578 
-0.700000 -0.400000 0.197282 
-0.600000 -0.400000 0.214972 
-0.500000 -0.400000 0.231450 
-0.400000 -0.400000 0.242039 
-0.300000 -0.400000 0.231838 
-0.200000 -0.400000 0.101568 
-0.100000 -0.400000 -0.813514 
0.000000 -0.400000 -0.830859 
0.100000 -0.400000 -0.853801 
0.200000 -0.400000 -0.873544 
0.300000 -0.400000 0.175835 
0.400000 -0.400000 0.169997 
0.500000 -0.400000 0.171310 
0.600000 -0.400000 0.168668 
0.700000 -0.400000 0.172411 
0.800000 -0.400000 0.164012 
0.900000 -0.400000 -0.487616 
-1.000000 -0.300000 -1.000000 
-0.900000 -0.300000 0.178514 
-0.800000 -0.300000 0.189130 
-0.700000 -0.300000 0.203523 
-0.600000 -0.300000 0.224343 
-0.500000 -0.300000 0.240594 
-0.400000 -0.300000 0.252201 
-0.300000 -0.300000 0.267141 
-0.200000 -0.300000 0.272448 
-0.100000 -0.300000 0.341501 
0.000000 -0.300000 0.566050 
0.100000 -0.300000 0.587253 
0.200000 -0.300000 -0.198031 
0.300000 -0.300000 0.206770 
0.400000 -0.300000 0.192444 
0.500000 -0.300000 0.187694 
0.600000 -0.300000 0.178924 
0.700000 -0.300000 0.169802 
0.800000 -0.300000 0.161297 
0.900000 -0.300000 -0.763019 
-1.000000 -0.200000 -1.000000 
-0.900000 -0.200000 0.177821 
-0.800000 -0.200000 0.190126 
-0.700000 -0.200000 0.202800 
-0.600000 -0.200000 0.221162 
-0.500000 -0.200000 0.234058 
-0.400000 -0.200000 0.260304 
-0.300000 -0.200000 0.266278 
-0.200000 -0.200000 0.272262 
-0.100000 -0.200000 0.405419 
0.000000 -0.200000 0.646587 
0.100000 -0.200000 0.625239 
0.200000 -0.200000 -0.154453 
0.300000 -0.200000 0.223589 
0.400000 -0.200000 0.218382 
0.500000 -0.200000 0.208399 
0.600000 -0.200000 0.199113 
0.700000 -0.200000 0.190173 
0.800000 -0.200000 0.181187 
0.900000 -0.200000 -0.371691 
-1.000000 -0.100000 -1.000000 
-0.900000 -0.100000 0.174746 
-0.800000 -0.100000 0.189934 
-0.700000 -0.100000 0.198397 
-0.600000 -0.100000 0.211012 
-0.500000 -0.100000 0.229395 
-0.400000 -0.100000 0.248883 
-0.300000 -0.100000 0.279624 
-0.200000 -0.100000 0.253717 
-0.100000 -0.100000 0.270972 
0.000000 -0.100000 0.862068 
0.100000 -0.100000 0.258064 
0.200000 -0.100000 -0.462494 
0.300000 -0.100000 0.265223 
0.400000 -0.100000 0.243955 
0.500000 -0.100000 0.232434 
0.600000 -0.100000 0.222350 
0.700000 -0.100000 0.207541 
0.800000 -0.100000 0.196565 
0.900000 -0.100000 -0.435109 
-1.000000 0.000000 -1.000000 
-0.900000 0.000000 0.176190 
-0.800000 0.000000 0.188642 
-0.700000 0.000000 0.195422 
-0.600000 0.000000 0.204969 
-0.500000 0.000000 0.222958 
-0.400000 0.000000 0.244939 
-0.300000 0.000000 0.267643 
-0.200000 0.000000 0.251814 
-0.100000 0.000000 0.429361 
0.000000 0.000000 0.571963 
0.100000 0.000000 0.574370 
0.200000 0.000000 -0.112245 
0.300000 0.000000 0.290605 
0.400000 0.000000 0.302198 
0.500000 0.000000 0.270016 
0.600000 0.000000 0.245670 
0.700000 0.000000 0.230910 
0.800000 0.000000 0.220118 
0.900000 0.000000 -0.827868 
-1.000000 0.100000 -1.000000 
-0.900000 0.100000 0.176456 
-0.800000 0.100000 0.188050 
-0.700000 0.100000 0.195428 
-0.600000 0.100000 0.206896 
-0.500000 0.100000 0.219259 
-0.400000 0.100000 0.232969 
-0.300000 0.100000 0.254243 
-0.200000 0.100000 0.074301 
-0.100000 0.100000 0.202811 
0.000000 0.100000 0.554028 
0.100000 0.100000 0.611589 
0.200000 0.100000 -0.228602 
0.300000 0.100000 0.337295 
0.400000 0.100000 0.321832 
0.500000 0.100000 0.319725 
0.600000 0.100000 0.293642 
0.700000 0.100000 0.273129 
0.800000 0.100000 0.251045 
0.900000 0.100000 -0.266922 
-1.000000 0.200000 -1.000000 
-0.900000 0.200000 0.174634 
-0.800000 0.200000 0.185325 
-0.700000 0.200000 0.198492 
-0.600000 0.200000 0.209768 
-0.500000 0.200000 0.226121 
-0.400000 0.200000 0.237088 
-0.300000 0.200000 0.245775 
-0.200000 0.200000 0.076145 
-0.100000 0.200000 -0.773016 
0.000000 0.200000 0.089077 
0.100000 0.200000 0.572790 
0.200000 0.200000 -0.483070 
0.300000 0.200000 0.362575 
0.400000 0.200000 0.358540 
0.500000 0.200000 0.347255 
0.600000 0.200000 0.328692 
0.700000 0.200000 0.310315 
0.800000 0.200000 0.292828 
0.900000 0.200000 -0.557089 
-1.000000 0.300000 -1.000000 
-0.900000 0.300000 0.172194 
-0.800000 0.300000 0.187254 
-0.700000 0.300000 0.197524 
-0.600000 0.300000 0.205682 
-0.500000 0.300000 0.228078 
-0.400000 0.300000 0.242702 
-0.300000 0.300000 0.255522 
-0.200000 0.300000 0.287870 
-0.100000 0.300000 0.363497 
0.000000 0.300000 0.400617 
0.100000 0.300000 0.474446 
0.200000 0.300000 0.408222 
0.300000 0.300000 0.421117 
0.400000 0.300000 0.405192 
0.500000 0.300000 0.391731 
0.600000 0.300000 0.372021 
0.700000 0.300000 0.349501 
0.800000 0.300000 0.324346 
0.900000 0.300000 0.062797 
-1.000000 0.400000 -1.000000 
-0.900000 0.400000 0.172996 
-0.800000 0.400000 0.187531 
-0.700000 0.400000 0.200614 
-0.600000 0.400000 0.211363 
-0.500000 0.400000 0.225157 
-0.400000 0.400000 0.239163 
-0.300000 0.400000 0.281010 
-0.200000 0.400000 0.329355 
-0.100000 0.400000 0.365652 
0.000000 0.400000 0.391962 
0.100000 0.400000 0.400350 
0.200000 0.400000 0.414870 
0.300000 0.400000 0.421748 
0.400000 0.400000 0.410066 
0.500000 0.400000 0.391620 
0.600000 0.400000 0.370258 
0.700000 0.400000 0.340580 
0.800000 0.400000 0.313227 
0.900000 0.400000 -0.318867 
-1.000000 0.500000 -1.000000 
-0.900000 0.500000 0.170145 
-0.800000 0.500000 0.189183 
-0.700000 0.500000 0.205608 
-0.600000 0.500000 0.204418 
-0.500000 0.500000 0.219161 
-0.400000 0.500000 0.233678 
-0.300000 0.500000 0.274343 
-0.200000 0.500000 0.313586 
-0.100000 0.500000 0.344321 
0.000000 0.500000 0.384320 
0.100000 0.500000 0.393496 
0.200000 0.500000 0.411691 
0.300000 0.500000 0.410927 
0.400000 0.500000 0.391108 
0.500000 0.500000 0.370299 
0.600000 0.500000 0.347838 
0.700000 0.500000 0.324672 
0.800000 0.500000 0.299262 
0.900000 0.500000 -0.801144 
-1.000000 0.600000 -1.000000 
-0.900000 0.600000 0.172597 
-0.800000 0.600000 0.186893 
-0.700000 0.600000 0.200949 
-0.600000 0.600000 0.203542 
-0.500000 0.600000 0.210750 
-0.400000 0.600000 0.234777 
-0.300000 0.600000 0.257674 
-0.200000 0.600000 0.300731 
-0.100000 0.600000 0.336752 
0.000000 0.600000 0.371402 
0.100000 0.600000 0.386828 
0.200000 0.600000 0.399171 
0.300000 0.600000 0.391213 
0.400000 0.600000 0.370732 
0.500000 0.600000 0.345724 
0.600000 0.600000 0.325292 
0.700000 0.600000 0.299686 
0.800000 0.600000 0.283724 
0.900000 0.600000 -0.714516 
-1.000000 0.700000 -1.000000 
-0.900000 0.700000 0.165583 
-0.800000 0.700000 0.181451 
-0.700000 0.700000 0.195195 
-0.600000 0.700000 0.200071 
-0.500000 0.700000 0.204125 
-0.400000 0.700000 0.221615 
-0.300000 0.700000 0.245571 
-0.200000 0.700000 0.284036 
-0.100000 0.700000 0.318795 
0.000000 0.700000 0.353941 
0.100000 0.700000 0.390160 
0.200000 0.700000 0.381795 
0.300000 0.700000 0.367345 
0.400000 0.700000 0.347283 
0.500000 0.700000 0.317990 
0.600000 0.700000 0.304247 
0.700000 0.700000 0.284998 
0.800000 0.700000 0.271868 
0.900000 0.700000 -0.736984 
-1.000000 0.800000 -1.000000 
-0.900000 0.800000 0.159542 
-0.800000 0.800000 0.176824 
-0.700000 0.800000 0.185244 
-0.600000 0.800000 0.202779 
-0.500000 0.800000 0.198784 
-0.400000 0.800000 0.211841 
-0.300000 0.800000 0.234068 
-0.200000 0.800000 0.268188 
-0.100000 0.800000 0.301535 
0.000000 0.800000 0.338356 
0.100000 0.800000 0.372112 
0.200000 0.800000 0.362152 
0.300000 0.800000 0.341917 
0.400000 0.800000 0.321130 
0.500000 0.800000 0.302605 
0.600000 0.800000 0.286117 
0.700000 0.800000 0.272757 
0.800000 0.800000 0.262837 
0.900000 0.800000 -0.178713 
-1.000000 0.900000 -1.000000 
-0.900000 0.900000 -1.000000 
-0.800000 0.900000 -1.000000 
-0.700000 0.900000 -1.000000 
-0.600000 0.900000 -1.000000 
-0.500000 0.900000 -1.000000 
-0.400000 0.900000 -1.000000 
-0.300000 0.900000 -1.000000 
-0.200000 0.900000 -1.000000 
-0.100000 0.900000 -1.000000 
0.000000 0.900000 -1.000000 
0.100000 0.900000 -1.000000 
0.200000 0.900000 -1.000000 
0.300000 0.900000 -1.000000 
0.400000 0.900000 -1.000000 
0.500000 0.900000 -1.000000 
0.600000 0.900000 -1.000000 
0.700000 0.900000 -1.000000 
0.800000 0.900000 -1.000000 
0.900000 0.900000 -1.000000 
