-1.000000 -1.000000 0.221244 
-0.875000 -1.000000 0.216372 
-0.750000 -1.000000 0.210872 
-0.625000 -1.000000 0.204782 
-0.500000 -1.000000 0.198193 
-0.375000 -1.000000 0.191257 
-0.250000 -1.000000 0.176230 
-0.125000 -1.000000 0.146479 
0.000000 -1.000000 0.121174 
0.125000 -1.000000 0.100105 
0.250000 -1.000000 0.082865 
0.375000 -1.000000 0.068962 
0.500000 -1.000000 0.057924 
0.625000 -1.000000 0.049320 
0.750000 -1.000000 0.042757 
0.875000 -1.000000 0.037910 
-1.000000 -0.875000 0.236674 
-0.875000 -0.875000 0.232813 
-0.750000 -0.875000 0.228298 
-0.625000 -0.875000 0.223145 
-0.500000 -0.875000 0.217434 
-0.375000 -0.875000 0.211314 
-0.250000 -0.875000 0.196661 
-0.125000 -0.875000 0.162369 
0.000000 -0.875000 0.133477 
0.125000 -0.875000 0.109658 
0.250000 -0.875000 0.090337 
0.375000 -0.875000 0.074865 
0.500000 -0.875000 0.062635 
0.625000 -0.875000 0.053119 
0.750000 -0.875000 0.045855 
0.875000 -0.875000 0.040467 
-1.000000 -0.750000 0.254795 
-0.875000 -0.750000 0.252471 
-0.750000 -0.750000 0.249539 
-0.625000 -0.750000 0.245995 
-0.500000 -0.750000 0.241902 
-0.375000 -0.750000 0.237402 
-0.250000 -0.750000 0.224015 
-0.125000 -0.750000 0.183923 
0.000000 -0.750000 0.150449 
0.125000 -0.750000 0.123112 
0.250000 -0.750000 0.101114 
0.375000 -0.750000 0.083595 
0.500000 -0.750000 0.069789 
0.625000 -0.750000 0.059044 
0.750000 -0.750000 0.050813 
0.875000 -0.750000 0.044658 
-1.000000 -0.625000 0.275829 
-0.875000 -0.625000 0.275754 
-0.750000 -0.625000 0.275231 
-0.625000 -0.625000 0.274243 
-0.500000 -0.625000 0.272854 
-0.375000 -0.625000 0.271200 
-0.250000 -0.625000 0.260589 
-0.125000 -0.625000 0.212945 
0.000000 -0.625000 0.173507 
0.125000 -0.625000 0.141564 
0.250000 -0.625000 0.116022 
0.375000 -0.625000 0.095779 
0.500000 -0.625000 0.079855 
0.625000 -0.625000 0.067440 
0.750000 -0.625000 0.057871 
0.875000 -0.625000 0.050639 
-1.000000 -0.500000 0.299798 
-0.875000 -0.500000 0.302782 
-0.750000 -0.500000 0.305727 
-0.625000 -0.500000 0.308629 
-0.500000 -0.500000 0.311537 
-0.375000 -0.500000 0.314584 
-0.250000 -0.500000 0.309286 
-0.125000 -0.500000 0.251728 
0.000000 -0.500000 0.204368 
0.125000 -0.500000 0.166312 
0.250000 -0.500000 0.136088 
0.375000 -0.500000 0.112217 
0.500000 -0.500000 0.093441 
0.625000 -0.500000 0.078762 
0.750000 -0.500000 0.067389 
0.875000 -0.500000 0.058720 
-1.000000 -0.375000 0.299836 
-0.875000 -0.375000 0.322986 
-0.750000 -0.375000 0.341642 
-0.625000 -0.375000 0.350169 
-0.500000 -0.375000 0.359595 
-0.375000 -0.375000 0.370077 
-0.250000 -0.375000 0.374194 
-0.125000 -0.375000 0.303597 
0.000000 -0.375000 0.245570 
0.125000 -0.375000 0.199207 
0.250000 -0.375000 0.162587 
0.375000 -0.375000 0.133768 
0.500000 -0.375000 0.111131 
0.625000 -0.375000 0.093414 
0.750000 -0.375000 0.079633 
0.875000 -0.375000 0.069049 
-1.000000 -0.250000 0.277012 
-0.875000 -0.250000 0.298306 
-0.750000 -0.250000 0.325746 
-0.625000 -0.250000 0.361301 
-0.500000 -0.250000 0.407505 
-0.375000 -0.250000 0.439428 
-0.250000 -0.250000 0.458804 
-0.125000 -0.250000 0.371658 
0.000000 -0.250000 0.299425 
0.125000 -0.250000 0.241830 
0.250000 -0.250000 0.196559 
0.375000 -0.250000 0.161093 
0.500000 -0.250000 0.133323 
0.625000 -0.250000 0.111615 
0.750000 -0.250000 0.094711 
0.875000 -0.250000 0.081669 
-1.000000 -0.125000 0.252018 
-0.875000 -0.125000 0.270552 
-0.750000 -0.125000 0.295095 
-0.625000 -0.125000 0.327822 
-0.500000 -0.125000 0.371676 
-0.375000 -0.125000 0.430267 
-0.250000 -0.125000 0.506633 
-0.125000 -0.125000 0.457608 
0.000000 -0.125000 0.367421 
0.125000 -0.125000 0.295124 
0.250000 -0.125000 0.238459 
0.375000 -0.125000 0.194310 
0.500000 -0.125000 0.159958 
0.625000 -0.125000 0.133252 
0.750000 -0.125000 0.112529 
0.875000 -0.125000 0.096546 
-1.000000 0.000000 0.225922 
-0.875000 0.000000 0.241091 
-0.750000 0.000000 0.261780 
-0.625000 0.000000 0.290157 
-0.500000 0.000000 0.329246 
-0.375000 0.000000 0.368463 
-0.250000 0.000000 0.416275 
-0.125000 0.000000 0.474627 
0.000000 0.000000 0.448200 
0.125000 0.000000 0.358317 
0.250000 0.000000 0.287712 
0.375000 0.000000 0.232979 
0.500000 0.000000 0.190690 
0.625000 0.000000 0.158023 
0.750000 0.000000 0.132796 
0.875000 0.000000 0.113384 
-1.000000 0.125000 0.200105 
-0.875000 0.125000 0.211700 
-0.750000 0.125000 0.228116 
-0.625000 0.125000 0.244313 
-0.500000 0.125000 0.263657 
-0.375000 0.125000 0.290729 
-0.250000 0.125000 0.327435 
-0.125000 0.125000 0.374611 
0.000000 0.125000 0.430109 
0.125000 0.125000 0.426083 
0.250000 0.125000 0.340830 
0.375000 0.125000 0.274741 
0.500000 0.125000 0.223891 
0.625000 0.125000 0.184795 
0.750000 0.125000 0.154744 
0.875000 0.125000 0.131679 
-1.000000 0.250000 0.175840 
-0.875000 0.250000 0.180434 
-0.750000 0.250000 0.184684 
-0.625000 0.250000 0.192222 
-0.500000 0.250000 0.204387 
-0.375000 0.250000 0.222812 
-0.250000 0.250000 0.249174 
-0.125000 0.250000 0.284615 
0.000000 0.250000 0.328601 
0.125000 0.250000 0.377549 
0.250000 0.250000 0.391436 
0.375000 0.250000 0.315524 
0.500000 0.250000 0.256969 
0.625000 0.250000 0.211939 
0.750000 0.250000 0.177348 
0.875000 0.250000 0.150789 
-1.000000 0.375000 0.146524 
-0.875000 0.375000 0.145094 
-0.750000 0.375000 0.145442 
-0.625000 0.375000 0.148428 
-0.500000 0.375000 0.155139 
-0.375000 0.375000 0.166879 
-0.250000 0.375000 0.185023 
-0.125000 0.375000 0.210650 
0.000000 0.375000 0.243882 
0.125000 0.375000 0.283044 
0.250000 0.375000 0.320670 
0.375000 0.375000 0.293137 
0.500000 0.375000 0.268697 
0.625000 0.375000 0.237365 
0.750000 0.375000 0.199247 
0.875000 0.375000 0.169818 
-1.000000 0.500000 0.119430 
-0.875000 0.500000 0.115639 
-0.750000 0.500000 0.113283 
-0.625000 0.500000 0.113070 
-0.500000 0.500000 0.115913 
-0.375000 0.500000 0.122864 
-0.250000 0.500000 0.135022 
-0.125000 0.500000 0.153300 
0.000000 0.500000 0.178042 
0.125000 0.500000 0.208527 
0.250000 0.500000 0.242597 
0.375000 0.500000 0.224913 
0.500000 0.500000 0.209796 
0.625000 0.500000 0.196782 
0.750000 0.500000 0.185466 
0.875000 0.500000 0.175673 
-1.000000 0.625000 0.097345 
-0.875000 0.625000 0.091986 
-0.750000 0.625000 0.087851 
-0.625000 0.625000 0.085542 
-0.500000 0.625000 0.085800 
-0.375000 0.625000 0.089496 
-0.250000 0.625000 0.097507 
-0.125000 0.625000 0.110586 
0.000000 0.625000 0.129125 
0.125000 0.625000 0.152830 
0.250000 0.625000 0.180516 
0.375000 0.625000 0.171158 
0.500000 0.625000 0.162060 
0.625000 0.625000 0.154832 
0.750000 0.625000 0.148943 
0.875000 0.625000 0.144055 
-1.000000 0.750000 0.079851 
-0.875000 0.750000 0.073552 
-0.750000 0.750000 0.068352 
-0.625000 0.750000 0.064770 
-0.500000 0.750000 0.063428 
-0.375000 0.750000 0.065038 
-0.250000 0.750000 0.070301 
-0.125000 0.750000 0.079824 
0.000000 0.750000 0.093967 
0.125000 0.750000 0.112653 
0.250000 0.750000 0.135218 
0.375000 0.750000 0.130841 
0.500000 0.750000 0.125356 
0.625000 0.750000 0.121701 
0.750000 0.750000 0.119301 
0.875000 0.750000 0.117745 
-1.000000 0.875000 0.066281 
-0.875000 0.875000 0.059517 
-0.750000 0.875000 0.053779 
-0.625000 0.875000 0.049513 
-0.500000 0.875000 0.047246 
-0.375000 0.875000 0.047563 
-0.250000 0.875000 0.051029 
-0.125000 0.875000 0.058131 
0.000000 0.875000 0.069183 
0.125000 0.875000 0.084200 
0.250000 0.875000 0.102796 
0.375000 0.875000 0.101376 
0.500000 0.875000 0.097983 
0.625000 0.875000 0.096416 
0.750000 0.875000 0.096118 
0.875000 0.875000 0.096656 
