-1.000000 -1.000000 0.011261 
-0.875000 -1.000000 0.018398 
-0.750000 -1.000000 0.012620 
-0.625000 -1.000000 0.005124 
-0.500000 -1.000000 0.005320 
-0.375000 -1.000000 0.001973 
-0.250000 -1.000000 -0.004076 
-0.125000 -1.000000 -0.005581 
0.000000 -1.000000 -0.002183 
0.125000 -1.000000 0.016763 
0.250000 -1.000000 0.006720 
0.375000 -1.000000 0.003412 
0.500000 -1.000000 0.007409 
0.625000 -1.000000 0.012298 
0.750000 -1.000000 0.002250 
0.875000 -1.000000 0.004508 
-1.000000 -0.875000 0.002569 
-0.875000 -0.875000 0.008125 
-0.750000 -0.875000 0.005657 
-0.625000 -0.875000 0.003837 
-0.500000 -0.875000 0.003915 
-0.375000 -0.875000 -0.000347 
-0.250000 -0.875000 -0.005767 
-0.125000 -0.875000 -0.006268 
0.000000 -0.875000 -0.000643 
0.125000 -0.875000 0.015378 
0.250000 -0.875000 0.009315 
0.375000 -0.875000 0.004176 
0.500000 -0.875000 0.007334 
0.625000 -0.875000 0.003307 
0.750000 -0.875000 0.001930 
0.875000 -0.875000 0.002324 
-1.000000 -0.750000 0.002189 
-0.875000 -0.750000 0.003226 
-0.750000 -0.750000 0.003896 
-0.625000 -0.750000 0.002234 
-0.500000 -0.750000 0.005647 
-0.375000 -0.750000 0.001038 
-0.250000 -0.750000 -0.002962 
-0.125000 -0.750000 -0.005684 
0.000000 -0.750000 0.000508 
0.125000 -0.750000 0.013887 
0.250000 -0.750000 0.011275 
0.375000 -0.750000 0.005224 
0.500000 -0.750000 0.005610 
0.625000 -0.750000 0.000555 
0.750000 -0.750000 0.004238 
0.875000 -0.750000 0.005852 
-1.000000 -0.625000 0.003409 
-0.875000 -0.625000 0.004387 
-0.750000 -0.625000 0.006052 
-0.625000 -0.625000 0.002759 
-0.500000 -0.625000 0.005268 
-0.375000 -0.625000 0.002149 
-0.250000 -0.625000 0.000227 
-0.125000 -0.625000 -0.000658 
0.000000 -0.625000 0.003499 
0.125000 -0.625000 0.012346 
0.250000 -0.625000 0.012735 
0.375000 -0.625000 0.006172 
0.500000 -0.625000 0.003623 
0.625000 -0.625000 0.001034 
0.750000 -0.625000 0.007655 
0.875000 -0.625000 0.002034 
-1.000000 -0.500000 0.005118 
-0.875000 -0.500000 0.006388 
-0.750000 -0.500000 0.007831 
-0.625000 -0.500000 0.004266 
-0.500000 -0.500000 0.002709 
-0.375000 -0.500000 0.002498 
-0.250000 -0.500000 0.002918 
-0.125000 -0.500000 0.004287 
0.000000 -0.500000 0.006534 
0.125000 -0.500000 0.010771 
0.250000 -0.500000 0.015772 
0.375000 -0.500000 0.008075 
0.500000 -0.500000 0.003732 
0.625000 -0.500000 0.004894 
0.750000 -0.500000 0.012677 
0.875000 -0.500000 0.000424 
-1.000000 -0.375000 0.016565 
-0.875000 -0.375000 0.005892 
-0.750000 -0.375000 0.006143 
-0.625000 -0.375000 0.004657 
-0.500000 -0.375000 0.000811 
-0.375000 -0.375000 0.001470 
-0.250000 -0.375000 0.005015 
-0.125000 -0.375000 0.008645 
0.000000 -0.375000 0.009327 
0.125000 -0.375000 0.009153 
0.250000 -0.375000 0.016543 
0.375000 -0.375000 0.009265 
0.500000 -0.375000 0.004775 
0.625000 -0.375000 0.010143 
0.750000 -0.375000 0.013406 
0.875000 -0.375000 0.003685 
-1.000000 -0.250000 0.009818 
-0.875000 -0.250000 0.005164 
-0.750000 -0.250000 0.001580 
-0.625000 -0.250000 0.003798 
-0.500000 -0.250000 0.000594 
-0.375000 -0.250000 0.001074 
-0.250000 -0.250000 0.006517 
-0.125000 -0.250000 0.012037 
0.000000 -0.250000 0.011546 
0.125000 -0.250000 0.007491 
0.250000 -0.250000 0.015162 
0.375000 -0.250000 0.009498 
0.500000 -0.250000 0.008878 
0.625000 -0.250000 0.011338 
0.750000 -0.250000 0.009948 
0.875000 -0.250000 0.006494 
-1.000000 -0.125000 0.002720 
-0.875000 -0.125000 -0.000312 
-0.750000 -0.125000 0.004720 
-0.625000 -0.125000 0.001982 
-0.500000 -0.125000 0.000040 
-0.375000 -0.125000 0.000744 
-0.250000 -0.125000 0.007488 
-0.125000 -0.125000 0.014186 
0.000000 -0.125000 0.012888 
0.125000 -0.125000 0.005816 
0.250000 -0.125000 0.012150 
0.375000 -0.125000 0.009486 
0.500000 -0.125000 0.012362 
0.625000 -0.125000 0.010610 
0.750000 -0.125000 0.006003 
0.875000 -0.125000 0.007825 
-1.000000 0.000000 0.007125 
-0.875000 0.000000 -0.001016 
-0.750000 0.000000 0.008181 
-0.625000 0.000000 0.001692 
-0.500000 0.000000 -0.000617 
-0.375000 0.000000 0.001445 
-0.250000 0.000000 0.008019 
-0.125000 0.000000 0.014956 
0.000000 0.000000 0.013155 
0.125000 0.000000 0.004195 
0.250000 0.000000 0.009536 
0.375000 0.000000 0.012379 
0.500000 0.000000 0.013804 
0.625000 0.000000 0.010471 
0.750000 0.000000 0.007241 
0.875000 0.000000 0.006205 
-1.000000 0.125000 0.007378 
-0.875000 0.125000 0.003172 
-0.750000 0.125000 0.007471 
-0.625000 0.125000 0.000869 
-0.500000 0.125000 0.000376 
-0.375000 0.125000 0.002748 
-0.250000 0.125000 0.008185 
-0.125000 0.125000 0.014372 
0.000000 0.125000 0.012286 
0.125000 0.125000 0.002714 
0.250000 0.125000 0.009995 
0.375000 0.125000 0.013342 
0.500000 0.125000 0.012739 
0.625000 0.125000 0.007556 
0.750000 0.125000 0.006722 
0.875000 0.125000 0.005171 
-1.000000 0.250000 0.007106 
-0.875000 0.250000 0.008387 
-0.750000 0.250000 0.005903 
-0.625000 0.250000 0.003814 
-0.500000 0.250000 0.001900 
-0.375000 0.250000 0.003885 
-0.250000 0.250000 0.008026 
-0.125000 0.250000 0.012603 
0.000000 0.250000 0.010366 
0.125000 0.250000 0.001450 
0.250000 0.250000 0.008819 
0.375000 0.250000 0.012134 
0.500000 0.250000 0.009624 
0.625000 0.250000 0.006701 
0.750000 0.250000 0.004276 
0.875000 0.250000 0.005862 
-1.000000 0.375000 0.009236 
-0.875000 0.375000 0.011163 
-0.750000 0.375000 0.006458 
-0.625000 0.375000 0.009180 
-0.500000 0.375000 0.002839 
-0.375000 0.375000 0.004594 
-0.250000 0.375000 0.007527 
-0.125000 0.375000 0.009927 
0.000000 0.375000 0.007605 
0.125000 0.375000 0.000448 
0.250000 0.375000 0.006357 
0.375000 0.375000 0.009169 
0.500000 0.375000 0.005514 
0.625000 0.375000 0.004609 
0.750000 0.375000 0.001345 
0.875000 0.375000 0.011126 
-1.000000 0.500000 0.004557 
-0.875000 0.500000 0.008275 
-0.750000 0.500000 0.004685 
-0.625000 0.500000 0.009652 
-0.500000 0.500000 0.003759 
-0.375000 0.500000 0.004696 
-0.250000 0.500000 0.006629 
-0.125000 0.500000 0.006681 
0.000000 0.500000 0.004293 
0.125000 0.500000 -0.000262 
0.250000 0.500000 0.004023 
0.375000 0.500000 0.005340 
0.500000 0.500000 0.004245 
0.625000 0.500000 0.003973 
0.750000 0.500000 0.000019 
0.875000 0.500000 0.013784 
-1.000000 0.625000 0.003464 
-0.875000 0.625000 0.008908 
-0.750000 0.625000 0.004296 
-0.625000 0.625000 0.006356 
-0.500000 0.625000 0.004235 
-0.375000 0.625000 0.004451 
-0.250000 0.625000 0.005239 
-0.125000 0.625000 0.003199 
0.000000 0.625000 0.000753 
0.125000 0.625000 -0.000575 
0.250000 0.625000 0.002491 
0.375000 0.625000 0.003658 
0.500000 0.625000 0.005002 
0.625000 0.625000 0.007337 
0.750000 0.625000 0.001223 
0.875000 0.625000 0.008034 
-1.000000 0.750000 0.000994 
-0.875000 0.750000 0.007658 
-0.750000 0.750000 0.002547 
-0.625000 0.750000 0.002343 
-0.500000 0.750000 0.003556 
-0.375000 0.750000 0.003580 
-0.250000 0.750000 0.004342 
-0.125000 0.750000 0.002462 
0.000000 0.750000 -0.002014 
0.125000 0.750000 -0.000035 
0.250000 0.750000 0.001070 
0.375000 0.750000 0.003119 
0.500000 0.750000 0.004484 
0.625000 0.750000 0.007266 
0.750000 0.750000 0.009837 
0.875000 0.750000 0.006518 
-1.000000 0.875000 0.002627 
-0.875000 0.875000 0.010507 
-0.750000 0.875000 0.001144 
-0.625000 0.875000 0.000073 
-0.500000 0.875000 0.001094 
-0.375000 0.875000 0.001500 
-0.250000 0.875000 0.003639 
-0.125000 0.875000 0.003290 
0.000000 0.875000 -0.001530 
0.125000 0.875000 0.001396 
0.250000 0.875000 0.001633 
0.375000 0.875000 0.001981 
0.500000 0.875000 0.002650 
0.625000 0.875000 0.007337 
0.750000 0.875000 0.013651 
0.875000 0.875000 0.013542 
