-1.000000 -1.000000 0.373736 
-0.875000 -1.000000 0.366004 
-0.750000 -1.000000 0.355718 
-0.625000 -1.000000 0.342673 
-0.500000 -1.000000 0.326814 
-0.375000 -1.000000 0.308298 
-0.250000 -1.000000 0.287527 
-0.125000 -1.000000 0.265145 
0.000000 -1.000000 0.217209 
0.125000 -1.000000 0.179931 
0.250000 -1.000000 0.152997 
0.375000 -1.000000 0.135187 
0.500000 -1.000000 0.125133 
0.625000 -1.000000 0.120814 
0.750000 -1.000000 0.118785 
0.875000 -1.000000 0.120683 
-1.000000 -0.875000 0.380644 
-0.875000 -0.875000 0.377390 
-0.750000 -0.875000 0.369612 
-0.625000 -0.875000 0.358862 
-0.500000 -0.875000 0.344839 
-0.375000 -0.875000 0.327427 
-0.250000 -0.875000 0.306780 
-0.125000 -0.875000 0.280531 
0.000000 -0.875000 0.223689 
0.125000 -0.875000 0.180602 
0.250000 -0.875000 0.150074 
0.375000 -0.875000 0.130432 
0.500000 -0.875000 0.119857 
0.625000 -0.875000 0.114204 
0.750000 -0.875000 0.112950 
0.875000 -0.875000 0.115923 
-1.000000 -0.750000 0.373671 
-0.875000 -0.750000 0.384979 
-0.750000 -0.750000 0.386397 
-0.625000 -0.750000 0.380052 
-0.500000 -0.750000 0.370272 
-0.375000 -0.750000 0.356462 
-0.250000 -0.750000 0.338201 
-0.125000 -0.750000 0.307005 
0.000000 -0.750000 0.239469 
0.125000 -0.750000 0.188832 
0.250000 -0.750000 0.153498 
0.375000 -0.750000 0.131234 
0.500000 -0.750000 0.118655 
0.625000 -0.750000 0.111504 
0.750000 -0.750000 0.110758 
0.875000 -0.750000 0.114570 
-1.000000 -0.625000 0.363792 
-0.875000 -0.625000 0.377145 
-0.750000 -0.625000 0.395229 
-0.625000 -0.625000 0.405849 
-0.500000 -0.625000 0.404094 
-0.375000 -0.625000 0.398257 
-0.250000 -0.625000 0.386828 
-0.125000 -0.625000 0.350474 
0.000000 -0.625000 0.269331 
0.125000 -0.625000 0.208716 
0.250000 -0.625000 0.166733 
0.375000 -0.625000 0.140496 
0.500000 -0.625000 0.122525 
0.625000 -0.625000 0.114530 
0.750000 -0.625000 0.113721 
0.875000 -0.625000 0.117879 
-1.000000 -0.500000 0.347855 
-0.875000 -0.500000 0.365264 
-0.750000 -0.500000 0.386685 
-0.625000 -0.500000 0.416826 
-0.500000 -0.500000 0.445210 
-0.375000 -0.500000 0.454511 
-0.250000 -0.500000 0.458248 
-0.125000 -0.500000 0.417938 
0.000000 -0.500000 0.320096 
0.125000 -0.500000 0.246190 
0.250000 -0.500000 0.194820 
0.375000 -0.500000 0.157213 
0.500000 -0.500000 0.135566 
0.625000 -0.500000 0.125680 
0.750000 -0.500000 0.123798 
0.875000 -0.500000 0.127423 
-1.000000 -0.375000 0.314642 
-0.875000 -0.375000 0.333041 
-0.750000 -0.375000 0.356566 
-0.625000 -0.375000 0.390189 
-0.500000 -0.375000 0.440156 
-0.375000 -0.375000 0.511025 
-0.250000 -0.375000 0.555800 
-0.125000 -0.375000 0.516829 
0.000000 -0.375000 0.400854 
0.125000 -0.375000 0.304325 
0.250000 -0.375000 0.232414 
0.375000 -0.375000 0.186187 
0.500000 -0.375000 0.158888 
0.625000 -0.375000 0.145299 
0.750000 -0.375000 0.141427 
0.875000 -0.375000 0.144272 
-1.000000 -0.250000 0.268734 
-0.875000 -0.250000 0.278683 
-0.750000 -0.250000 0.295547 
-0.625000 -0.250000 0.322113 
-0.500000 -0.250000 0.361560 
-0.375000 -0.250000 0.422876 
-0.250000 -0.250000 0.512321 
-0.125000 -0.250000 0.630399 
0.000000 -0.250000 0.503349 
0.125000 -0.250000 0.376864 
0.250000 -0.250000 0.288932 
0.375000 -0.250000 0.231017 
0.500000 -0.250000 0.195428 
0.625000 -0.250000 0.175987 
0.750000 -0.250000 0.167924 
0.875000 -0.250000 0.167669 
-1.000000 -0.125000 0.229000 
-0.875000 -0.125000 0.232151 
-0.750000 -0.125000 0.240779 
-0.625000 -0.125000 0.258091 
-0.500000 -0.125000 0.288656 
-0.375000 -0.125000 0.338555 
-0.250000 -0.125000 0.414543 
-0.125000 -0.125000 0.516169 
0.000000 -0.125000 0.619073 
0.125000 -0.125000 0.472807 
0.250000 -0.125000 0.366078 
0.375000 -0.125000 0.293263 
0.500000 -0.125000 0.246559 
0.625000 -0.125000 0.218931 
0.750000 -0.125000 0.204755 
0.875000 -0.125000 0.199814 
-1.000000 0.000000 0.196603 
-0.875000 0.000000 0.194867 
-0.750000 0.000000 0.197601 
-0.625000 0.000000 0.207680 
-0.500000 0.000000 0.229274 
-0.375000 0.000000 0.267985 
-0.250000 0.000000 0.326416 
-0.125000 0.000000 0.408771 
0.000000 0.000000 0.515475 
0.125000 0.000000 0.586924 
0.250000 0.000000 0.462748 
0.375000 0.000000 0.373175 
0.500000 0.000000 0.312929 
0.625000 0.000000 0.274802 
0.750000 0.000000 0.252493 
0.875000 0.000000 0.241133 
-1.000000 0.125000 0.173971 
-0.875000 0.125000 0.170951 
-0.750000 0.125000 0.172948 
-0.625000 0.125000 0.182401 
-0.500000 0.125000 0.202435 
-0.375000 0.125000 0.236369 
-0.250000 0.125000 0.287341 
-0.125000 0.125000 0.356934 
0.000000 0.125000 0.443141 
0.125000 0.125000 0.538203 
0.250000 0.125000 0.573504 
0.375000 0.125000 0.468773 
0.500000 0.125000 0.393719 
0.625000 0.125000 0.343139 
0.750000 0.125000 0.310732 
0.875000 0.125000 0.291200 
-1.000000 0.250000 0.163606 
-0.875000 0.250000 0.160266 
-0.750000 0.250000 0.161742 
-0.625000 0.250000 0.170210 
-0.500000 0.250000 0.188347 
-0.375000 0.250000 0.218919 
-0.250000 0.250000 0.264484 
-0.125000 0.250000 0.326440 
0.000000 0.250000 0.403755 
0.125000 0.250000 0.491800 
0.250000 0.250000 0.581714 
0.375000 0.250000 0.580680 
0.500000 0.250000 0.487133 
0.625000 0.250000 0.421634 
0.750000 0.250000 0.377821 
0.875000 0.250000 0.348736 
-1.000000 0.375000 0.159139 
-0.875000 0.375000 0.156228 
-0.750000 0.375000 0.157958 
-0.625000 0.375000 0.166208 
-0.500000 0.375000 0.183189 
-0.375000 0.375000 0.211146 
-0.250000 0.375000 0.252052 
-0.125000 0.375000 0.306906 
0.000000 0.375000 0.375169 
0.125000 0.375000 0.453720 
0.250000 0.375000 0.536709 
0.375000 0.375000 0.578679 
0.500000 0.375000 0.549086 
0.625000 0.375000 0.495830 
0.750000 0.375000 0.442963 
0.875000 0.375000 0.408588 
-1.000000 0.500000 0.159422 
-0.875000 0.500000 0.157398 
-0.750000 0.500000 0.159811 
-0.625000 0.500000 0.168251 
-0.500000 0.500000 0.184502 
-0.375000 0.500000 0.210323 
-0.250000 0.500000 0.247181 
-0.125000 0.500000 0.295785 
0.000000 0.500000 0.355631 
0.125000 0.500000 0.424472 
0.250000 0.500000 0.498092 
0.375000 0.500000 0.543544 
0.500000 0.500000 0.528956 
0.625000 0.500000 0.507879 
0.750000 0.500000 0.475556 
0.875000 0.500000 0.434167 
-1.000000 0.625000 0.163510 
-0.875000 0.625000 0.162572 
-0.750000 0.625000 0.165827 
-0.625000 0.625000 0.174591 
-0.500000 0.625000 0.190284 
-0.375000 0.625000 0.214246 
-0.250000 0.625000 0.247534 
-0.125000 0.625000 0.290590 
0.000000 0.625000 0.342931 
0.125000 0.625000 0.402808 
0.250000 0.625000 0.467099 
0.375000 0.625000 0.511973 
0.500000 0.625000 0.507307 
0.625000 0.625000 0.495591 
0.750000 0.625000 0.480172 
0.875000 0.625000 0.460753 
-1.000000 0.750000 0.170264 
-0.875000 0.750000 0.170455 
-0.750000 0.750000 0.174559 
-0.625000 0.750000 0.183648 
-0.500000 0.750000 0.198843 
-0.375000 0.750000 0.221138 
-0.250000 0.750000 0.251269 
-0.125000 0.750000 0.289452 
0.000000 0.750000 0.335221 
0.125000 0.750000 0.387148 
0.250000 0.750000 0.442811 
0.375000 0.750000 0.485039 
0.500000 0.750000 0.486621 
0.625000 0.750000 0.481485 
0.750000 0.750000 0.472079 
0.875000 0.750000 0.460285 
-1.000000 0.875000 0.178817 
-0.875000 0.875000 0.180062 
-0.750000 0.875000 0.184914 
-0.625000 0.875000 0.194234 
-0.500000 0.875000 0.208905 
-0.375000 0.875000 0.229639 
-0.250000 0.875000 0.256928 
-0.125000 0.875000 0.290810 
0.000000 0.875000 0.330843 
0.125000 0.875000 0.375833 
0.250000 0.875000 0.423865 
0.375000 0.875000 0.462568 
0.500000 0.875000 0.467899 
0.625000 0.875000 0.467220 
0.750000 0.875000 0.462264 
0.875000 0.875000 0.454493 
