-1.000000 -1.000000 1.228658 
-0.875000 -1.000000 1.082460 
-0.750000 -1.000000 0.766459 
-0.625000 -1.000000 0.540308 
-0.500000 -1.000000 0.380516 
-0.375000 -1.000000 0.267544 
-0.250000 -1.000000 0.187865 
-0.125000 -1.000000 0.131761 
0.000000 -1.000000 0.092383 
0.125000 -1.000000 0.064746 
0.250000 -1.000000 0.045348 
0.375000 -1.000000 0.031756 
0.500000 -1.000000 0.022237 
0.625000 -1.000000 0.015571 
0.750000 -1.000000 0.010902 
0.875000 -1.000000 0.006265 
-1.000000 -0.875000 0.460134 
-0.875000 -0.875000 1.221170 
-0.750000 -0.875000 1.006230 
-0.625000 -0.875000 0.700809 
-0.500000 -0.875000 0.486481 
-0.375000 -0.875000 0.339364 
-0.250000 -0.875000 0.237359 
-0.125000 -0.875000 0.166204 
0.000000 -0.875000 0.116409 
0.125000 -0.875000 0.081545 
0.250000 -0.875000 0.057121 
0.375000 -0.875000 0.040013 
0.500000 -0.875000 0.028028 
0.625000 -0.875000 0.019634 
0.750000 -0.875000 0.013752 
0.875000 -0.875000 0.007141 
-1.000000 -0.750000 0.687728 
-0.875000 -0.750000 1.012925 
-0.750000 -0.750000 1.222292 
-0.625000 -0.750000 1.005682 
-0.500000 -0.750000 0.696909 
-0.375000 -0.750000 0.488828 
-0.250000 -0.750000 0.342978 
-0.125000 -0.750000 0.240499 
0.000000 -0.750000 0.168539 
0.125000 -0.750000 0.118069 
0.250000 -0.750000 0.082688 
0.375000 -0.750000 0.057912 
0.500000 -0.750000 0.040553 
0.625000 -0.750000 0.028399 
0.750000 -0.750000 0.019884 
0.875000 -0.750000 0.011800 
-1.000000 -0.625000 0.476597 
-0.875000 -0.625000 0.679267 
-0.750000 -0.625000 0.992804 
-0.625000 -0.625000 1.219553 
-0.500000 -0.625000 1.001018 
-0.375000 -0.625000 0.699665 
-0.250000 -0.625000 0.490174 
-0.125000 -0.625000 0.343707 
0.000000 -0.625000 0.241038 
0.125000 -0.625000 0.168990 
0.250000 -0.625000 0.118425 
0.375000 -0.625000 0.082925 
0.500000 -0.625000 0.058024 
0.625000 -0.625000 0.040573 
0.750000 -0.625000 0.028362 
0.875000 -0.625000 0.015689 
-1.000000 -0.500000 0.340634 
-0.875000 -0.500000 0.479700 
-0.750000 -0.500000 0.675368 
-0.625000 -0.500000 0.970672 
-0.500000 -0.500000 1.217350 
-0.375000 -0.500000 0.970740 
-0.250000 -0.500000 0.671571 
-0.125000 -0.500000 0.469209 
0.000000 -0.500000 0.329751 
0.125000 -0.500000 0.232505 
0.250000 -0.500000 0.163723 
0.375000 -0.500000 0.115270 
0.500000 -0.500000 0.080981 
0.625000 -0.500000 0.056820 
0.750000 -0.500000 0.039838 
0.875000 -0.500000 0.022205 
-1.000000 -0.375000 0.236168 
-0.875000 -0.375000 0.333794 
-0.750000 -0.375000 0.471312 
-0.625000 -0.375000 0.665462 
-0.500000 -0.375000 0.939668 
-0.375000 -0.375000 1.219776 
-0.250000 -0.375000 0.976204 
-0.125000 -0.375000 0.700760 
0.000000 -0.375000 0.493871 
0.125000 -0.375000 0.346071 
0.250000 -0.375000 0.242129 
0.375000 -0.375000 0.169315 
0.500000 -0.375000 0.118372 
0.625000 -0.375000 0.082771 
0.750000 -0.375000 0.057840 
0.875000 -0.375000 0.029933 
-1.000000 -0.250000 0.168005 
-0.875000 -0.250000 0.239857 
-0.750000 -0.250000 0.341223 
-0.625000 -0.250000 0.483815 
-0.500000 -0.250000 0.682868 
-0.375000 -0.250000 0.954971 
-0.250000 -0.250000 1.221006 
-0.125000 -0.250000 0.965440 
0.000000 -0.250000 0.678124 
0.125000 -0.250000 0.475158 
0.250000 -0.250000 0.333593 
0.375000 -0.250000 0.234422 
0.500000 -0.250000 0.164815 
0.625000 -0.250000 0.115847 
0.750000 -0.250000 0.081381 
0.875000 -0.250000 0.046093 
-1.000000 -0.125000 0.117607 
-0.875000 -0.125000 0.168377 
-0.750000 -0.125000 0.240923 
-0.625000 -0.125000 0.344415 
-0.500000 -0.125000 0.491787 
-0.375000 -0.125000 0.698832 
-0.250000 -0.125000 0.981667 
-0.125000 -0.125000 1.213223 
0.000000 -0.125000 0.984870 
0.125000 -0.125000 0.689329 
0.250000 -0.125000 0.481570 
0.375000 -0.125000 0.336007 
0.500000 -0.125000 0.234421 
0.625000 -0.125000 0.163581 
0.750000 -0.125000 0.114227 
0.875000 -0.125000 0.060308 
-1.000000 0.000000 0.178739 
-0.875000 0.000000 0.233392 
-0.750000 0.000000 0.248172 
-0.625000 0.000000 0.261682 
-0.500000 0.000000 0.301230 
-0.375000 0.000000 0.279021 
-0.250000 0.000000 0.375760 
-0.125000 0.000000 0.475470 
0.000000 0.000000 0.700573 
0.125000 0.000000 0.437901 
0.250000 0.000000 0.381966 
0.375000 0.000000 0.279525 
0.500000 0.000000 0.304647 
0.625000 0.000000 0.242000 
0.750000 0.000000 0.176369 
0.875000 0.000000 0.180357 
-1.000000 0.125000 0.056427 
-0.875000 0.125000 0.080831 
-0.750000 0.125000 0.115769 
-0.625000 0.125000 0.165788 
-0.500000 0.125000 0.237415 
-0.375000 0.125000 0.340071 
-0.250000 0.125000 0.488049 
-0.125000 0.125000 0.701033 
0.000000 0.125000 1.007156 
0.125000 0.125000 1.214450 
0.250000 0.125000 0.984751 
0.375000 0.125000 0.691161 
0.500000 0.125000 0.486070 
0.625000 0.125000 0.340902 
0.750000 0.125000 0.238568 
0.875000 0.125000 0.122323 
-1.000000 0.250000 0.040341 
-0.875000 0.250000 0.057513 
-0.750000 0.250000 0.081977 
-0.625000 0.250000 0.116896 
-0.500000 0.250000 0.166721 
-0.375000 0.250000 0.237975 
-0.250000 0.250000 0.340058 
-0.125000 0.250000 0.486792 
0.000000 0.250000 0.697042 
0.125000 0.250000 0.992063 
0.250000 0.250000 1.222664 
0.375000 0.250000 0.980781 
0.500000 0.250000 0.682588 
0.625000 0.250000 0.477474 
0.750000 0.250000 0.333984 
0.875000 0.250000 0.168028 
-1.000000 0.375000 0.027881 
-0.875000 0.375000 0.039840 
-0.750000 0.375000 0.056914 
-0.625000 0.375000 0.081277 
-0.500000 0.375000 0.115998 
-0.375000 0.375000 0.165449 
-0.250000 0.375000 0.235885 
-0.125000 0.375000 0.335686 
0.000000 0.375000 0.476406 
0.125000 0.375000 0.674960 
0.250000 0.375000 0.959854 
0.375000 0.375000 1.217548 
0.500000 0.375000 0.976898 
0.625000 0.375000 0.671441 
0.750000 0.375000 0.471626 
0.875000 0.375000 0.256862 
-1.000000 0.500000 0.019545 
-0.875000 0.500000 0.027939 
-0.750000 0.500000 0.039941 
-0.625000 0.500000 0.057094 
-0.500000 0.500000 0.081593 
-0.375000 0.500000 0.116587 
-0.250000 0.500000 0.166542 
-0.125000 0.500000 0.237743 
0.000000 0.500000 0.339285 
0.125000 0.500000 0.484664 
0.250000 0.500000 0.694731 
0.375000 0.500000 1.006791 
0.500000 0.500000 1.216931 
0.625000 0.500000 0.965304 
0.750000 0.500000 0.687987 
0.875000 0.500000 0.367362 
-1.000000 0.625000 0.013527 
-0.875000 0.625000 0.019336 
-0.750000 0.625000 0.027645 
-0.625000 0.625000 0.039515 
-0.500000 0.625000 0.056480 
-0.375000 0.625000 0.080729 
-0.250000 0.625000 0.115396 
-0.125000 0.625000 0.164997 
0.000000 0.625000 0.235876 
0.125000 0.625000 0.337110 
0.250000 0.625000 0.481378 
0.375000 0.625000 0.686723 
0.500000 0.625000 0.979864 
0.625000 0.625000 1.220913 
0.750000 0.625000 0.951433 
0.875000 0.625000 0.502379 
-1.000000 0.750000 0.009615 
-0.875000 0.750000 0.013720 
-0.750000 0.750000 0.019586 
-0.625000 0.750000 0.027962 
-0.500000 0.750000 0.039920 
-0.375000 0.750000 0.056981 
-0.250000 0.750000 0.081334 
-0.125000 0.750000 0.116068 
0.000000 0.750000 0.165626 
0.125000 0.750000 0.236251 
0.250000 0.750000 0.336952 
0.375000 0.750000 0.480292 
0.500000 0.750000 0.682678 
0.625000 0.750000 0.963655 
0.750000 0.750000 1.226516 
0.875000 0.750000 0.710500 
-1.000000 0.875000 0.005959 
-0.875000 0.875000 0.008498 
-0.750000 0.875000 0.012119 
-0.625000 0.875000 0.017284 
-0.500000 0.875000 0.024667 
-0.375000 0.875000 0.035201 
-0.250000 0.875000 0.050239 
-0.125000 0.875000 0.071691 
0.000000 0.875000 0.102215 
0.125000 0.875000 0.145578 
0.250000 0.875000 0.207226 
0.375000 0.875000 0.294670 
0.500000 0.875000 0.420092 
0.625000 0.875000 0.601859 
0.750000 0.875000 0.858816 
0.875000 0.875000 1.138399 
