-1.000000 -1.000000 -1.000000 
-0.937500 -1.000000 -1.000000 
-0.875000 -1.000000 -1.000000 
-0.812500 -1.000000 -1.000000 
-0.750000 -1.000000 -1.000000 
-0.687500 -1.000000 -1.000000 
-0.625000 -1.000000 -1.000000 
-0.562500 -1.000000 -1.000000 
-0.500000 -1.000000 -1.000000 
-0.437500 -1.000000 -1.000000 
-0.375000 -1.000000 -1.000000 
-0.312500 -1.000000 -1.000000 
-0.250000 -1.000000 -1.000000 
-0.187500 -1.000000 -1.000000 
-0.125000 -1.000000 -1.000000 
-0.062500 -1.000000 -1.000000 
0.000000 -1.000000 -1.000000 
0.062500 -1.000000 -1.000000 
0.125000 -1.000000 -1.000000 
0.187500 -1.000000 -1.000000 
0.250000 -1.000000 -1.000000 
0.312500 -1.000000 -1.000000 
0.375000 -1.000000 -1.000000 
0.437500 -1.000000 -1.000000 
0.500000 -1.000000 -1.000000 
0.562500 -1.000000 -1.000000 
0.625000 -1.000000 -1.000000 
0.687500 -1.000000 -1.000000 
0.750000 -1.000000 -1.000000 
0.812500 -1.000000 -1.000000 
0.875000 -1.000000 -1.000000 
0.937500 -1.000000 -1.000000 
-1.000000 -0.937500 -1.000000 
-0.937500 -0.937500 -1.000000 
-0.875000 -0.937500 -1.000000 
-0.812500 -0.937500 -1.000000 
-0.750000 -0.937500 -1.000000 
-0.687500 -0.937500 -1.000000 
-0.625000 -0.937500 -1.000000 
-0.562500 -0.937500 -1.000000 
-0.500000 -0.937500 -1.000000 
-0.437500 -0.937500 -1.000000 
-0.375000 -0.937500 -1.000000 
-0.312500 -0.937500 -1.000000 
-0.250000 -0.937500 -1.000000 
-0.187500 -0.937500 -1.000000 
-0.125000 -0.937500 -1.000000 
-0.062500 -0.937500 -1.000000 
0.000000 -0.937500 -1.000000 
0.062500 -0.937500 -1.000000 
0.125000 -0.937500 -1.000000 
0.187500 -0.937500 -1.000000 
0.250000 -0.937500 -1.000000 
0.312500 -0.937500 -1.000000 
0.375000 -0.937500 -0.937689 
0.437500 -0.937500 -1.000000 
0.500000 -0.937500 -1.000000 
0.562500 -0.937500 -1.000000 
0.625000 -0.937500 -1.000000 
0.687500 -0.937500 -1.000000 
0.750000 -0.937500 -1.000000 
0.812500 -0.937500 -1.000000 
0.875000 -0.937500 -1.000000 
0.937500 -0.937500 -1.000000 
-1.000000 -0.875000 -1.000000 
-0.937500 -0.875000 0.055470 
-0.875000 -0.875000 0.060728 
-0.812500 -0.875000 0.063406 
-0.750000 -0.875000 0.051824 
-0.687500 -0.875000 0.049266 
-0.625000 -0.875000 0.076426 
-0.562500 -0.875000 0.072573 
-0.500000 -0.875000 0.086270 
-0.437500 -0.875000 0.114376 
-0.375000 -0.875000 0.177451 
-0.312500 -0.875000 0.273147 
-0.250000 -0.875000 0.287928 
-0.187500 -0.875000 0.302739 
-0.125000 -0.875000 0.317787 
-0.062500 -0.875000 0.322061 
0.000000 -0.875000 0.327561 
0.062500 -0.875000 0.334141 
0.125000 -0.875000 0.320174 
0.187500 -0.875000 0.299434 
0.250000 -0.875000 0.283137 
0.312500 -0.875000 0.267632 
0.375000 -0.875000 0.252044 
0.437500 -0.875000 0.236391 
0.500000 -0.875000 0.222607 
0.562500 -0.875000 0.210337 
0.625000 -0.875000 0.197086 
0.687500 -0.875000 0.165423 
0.750000 -0.875000 0.074129 
0.812500 -0.875000 0.053755 
0.875000 -0.875000 -0.034772 
0.937500 -0.875000 -0.273072 
-1.000000 -0.812500 -1.000000 
-0.937500 -0.812500 0.066984 
-0.875000 -0.812500 0.070958 
-0.812500 -0.812500 0.069065 
-0.750000 -0.812500 0.067250 
-0.687500 -0.812500 0.162894 
-0.625000 -0.812500 0.073904 
-0.562500 -0.812500 0.082774 
-0.500000 -0.812500 -0.044402 
-0.437500 -0.812500 0.033918 
-0.375000 -0.812500 0.162897 
-0.312500 -0.812500 0.318592 
-0.250000 -0.812500 0.317473 
-0.187500 -0.812500 0.326332 
-0.125000 -0.812500 0.342550 
-0.062500 -0.812500 0.355624 
0.000000 -0.812500 0.385256 
0.062500 -0.812500 0.375299 
0.125000 -0.812500 0.355018 
0.187500 -0.812500 0.344261 
0.250000 -0.812500 0.318561 
0.312500 -0.812500 0.292042 
0.375000 -0.812500 0.262800 
0.437500 -0.812500 0.222980 
0.500000 -0.812500 0.159297 
0.562500 -0.812500 0.155284 
0.625000 -0.812500 0.136717 
0.687500 -0.812500 0.116228 
0.750000 -0.812500 0.121576 
0.812500 -0.812500 0.122837 
0.875000 -0.812500 0.121705 
0.937500 -0.812500 -0.779086 
-1.000000 -0.750000 -1.000000 
-0.937500 -0.750000 0.070894 
-0.875000 -0.750000 0.088602 
-0.812500 -0.750000 0.074651 
-0.750000 -0.750000 0.073844 
-0.687500 -0.750000 -0.927462 
-0.625000 -0.750000 0.071850 
-0.562500 -0.750000 0.082414 
-0.500000 -0.750000 -0.918957 
-0.437500 -0.750000 -0.944729 
-0.375000 -0.750000 -0.826499 
-0.312500 -0.750000 0.365051 
-0.250000 -0.750000 0.361726 
-0.187500 -0.750000 0.346547 
-0.125000 -0.750000 0.366476 
-0.062500 -0.750000 0.393856 
0.000000 -0.750000 0.418708 
0.062500 -0.750000 0.430581 
0.125000 -0.750000 0.415399 
0.187500 -0.750000 0.392981 
0.250000 -0.750000 -0.585737 
0.312500 -0.750000 -0.747977 
0.375000 -0.750000 -0.770424 
0.437500 -0.750000 -0.788307 
0.500000 -0.750000 -0.861929 
0.562500 -0.750000 -0.834376 
0.625000 -0.750000 -0.874349 
0.687500 -0.750000 -0.840967 
0.750000 -0.750000 0.121903 
0.812500 -0.750000 0.122910 
0.875000 -0.750000 0.113501 
0.937500 -0.750000 -0.776544 
-1.000000 -0.687500 -1.000000 
-0.937500 -0.687500 0.293205 
-0.875000 -0.687500 0.120527 
-0.812500 -0.687500 0.085108 
-0.750000 -0.687500 0.078172 
-0.687500 -0.687500 -0.923266 
-0.625000 -0.687500 0.068865 
-0.562500 -0.687500 0.081840 
-0.500000 -0.687500 -0.919930 
-0.437500 -0.687500 -0.864074 
-0.375000 -0.687500 -0.455826 
-0.312500 -0.687500 0.409522 
-0.250000 -0.687500 0.385679 
-0.187500 -0.687500 0.373382 
-0.125000 -0.687500 0.387808 
-0.062500 -0.687500 0.410818 
0.000000 -0.687500 0.442963 
0.062500 -0.687500 0.469442 
0.125000 -0.687500 0.483697 
0.187500 -0.687500 0.463782 
0.250000 -0.687500 -0.210803 
0.312500 -0.687500 -0.752537 
0.375000 -0.687500 -0.674086 
0.437500 -0.687500 -0.998737 
0.500000 -0.687500 -1.000000 
0.562500 -0.687500 -1.000000 
0.625000 -0.687500 -1.000000 
0.687500 -0.687500 -1.000000 
0.750000 -0.687500 0.118717 
0.812500 -0.687500 0.115006 
0.875000 -0.687500 0.103239 
0.937500 -0.687500 -0.335540 
-1.000000 -0.625000 -1.000000 
-0.937500 -0.625000 0.117637 
-0.875000 -0.625000 0.084624 
-0.812500 -0.625000 0.084333 
-0.750000 -0.625000 0.086023 
-0.687500 -0.625000 -0.911368 
-0.625000 -0.625000 0.061262 
-0.562500 -0.625000 0.080861 
-0.500000 -0.625000 -0.919310 
-0.437500 -0.625000 0.501754 
-0.375000 -0.625000 0.489544 
-0.312500 -0.625000 0.453093 
-0.250000 -0.625000 0.453924 
-0.187500 -0.625000 0.427096 
-0.125000 -0.625000 0.411179 
-0.062500 -0.625000 0.415383 
0.000000 -0.625000 0.466552 
0.062500 -0.625000 0.532158 
0.125000 -0.625000 0.601022 
0.187500 -0.625000 0.674938 
0.250000 -0.625000 0.771562 
0.312500 -0.625000 0.731981 
0.375000 -0.625000 0.746529 
0.437500 -0.625000 0.702702 
0.500000 -0.625000 0.640851 
0.562500 -0.625000 -0.386243 
0.625000 -0.625000 -0.437930 
0.687500 -0.625000 -0.949048 
0.750000 -0.625000 0.153886 
0.812500 -0.625000 0.144366 
0.875000 -0.625000 0.124403 
0.937500 -0.625000 -0.559644 
-1.000000 -0.562500 -1.000000 
-0.937500 -0.562500 0.081822 
-0.875000 -0.562500 0.081678 
-0.812500 -0.562500 0.085379 
-0.750000 -0.562500 0.089507 
-0.687500 -0.562500 -0.904827 
-0.625000 -0.562500 0.050468 
-0.562500 -0.562500 0.078301 
-0.500000 -0.562500 -0.709288 
-0.437500 -0.562500 0.596256 
-0.375000 -0.562500 0.560247 
-0.312500 -0.562500 0.548886 
-0.250000 -0.562500 0.521555 
-0.187500 -0.562500 0.507749 
-0.125000 -0.562500 0.458646 
-0.062500 -0.562500 0.438395 
0.000000 -0.562500 0.439032 
0.062500 -0.562500 0.493817 
0.125000 -0.562500 0.597219 
0.187500 -0.562500 0.700901 
0.250000 -0.562500 0.853105 
0.312500 -0.562500 0.888612 
0.375000 -0.562500 0.870783 
0.437500 -0.562500 0.805883 
0.500000 -0.562500 0.737145 
0.562500 -0.562500 0.583914 
0.625000 -0.562500 0.598908 
0.687500 -0.562500 -0.371894 
0.750000 -0.562500 0.180147 
0.812500 -0.562500 0.196749 
0.875000 -0.562500 0.155450 
0.937500 -0.562500 -0.372214 
-1.000000 -0.500000 -1.000000 
-0.937500 -0.500000 0.066829 
-0.875000 -0.500000 0.079412 
-0.812500 -0.500000 0.086505 
-0.750000 -0.500000 0.094766 
-0.687500 -0.500000 -0.823820 
-0.625000 -0.500000 0.014184 
-0.562500 -0.500000 0.075883 
-0.500000 -0.500000 -0.851542 
-0.437500 -0.500000 0.635527 
-0.375000 -0.500000 0.656124 
-0.312500 -0.500000 0.659093 
-0.250000 -0.500000 0.600174 
-0.187500 -0.500000 0.564417 
-0.125000 -0.500000 0.521883 
-0.062500 -0.500000 0.481840 
0.000000 -0.500000 0.441447 
0.062500 -0.500000 0.451785 
0.125000 -0.500000 0.519185 
0.187500 -0.500000 0.633909 
0.250000 -0.500000 0.891255 
0.312500 -0.500000 1.023887 
0.375000 -0.500000 0.982781 
0.437500 -0.500000 0.947837 
0.500000 -0.500000 0.891111 
0.562500 -0.500000 0.839398 
0.625000 -0.500000 0.776264 
0.687500 -0.500000 -0.280908 
0.750000 -0.500000 0.233534 
0.812500 -0.500000 0.222977 
0.875000 -0.500000 0.204126 
0.937500 -0.500000 -0.655933 
-1.000000 -0.437500 -1.000000 
-0.937500 -0.437500 0.007550 
-0.875000 -0.437500 -0.881521 
-0.812500 -0.437500 -0.914617 
-0.750000 -0.437500 -0.897459 
-0.687500 -0.437500 -1.000000 
-0.625000 -0.437500 0.149190 
-0.562500 -0.437500 0.075607 
-0.500000 -0.437500 -0.858176 
-0.437500 -0.437500 0.711170 
-0.375000 -0.437500 0.726942 
-0.312500 -0.437500 0.746436 
-0.250000 -0.437500 0.687490 
-0.187500 -0.437500 0.574212 
-0.125000 -0.437500 -0.521552 
-0.062500 -0.437500 -0.549477 
0.000000 -0.437500 -0.609658 
0.062500 -0.437500 -0.570135 
0.125000 -0.437500 -0.419959 
0.187500 -0.437500 -0.349450 
0.250000 -0.437500 0.941808 
0.312500 -0.437500 1.234551 
0.375000 -0.437500 1.119434 
0.437500 -0.437500 1.047376 
0.500000 -0.437500 1.002072 
0.562500 -0.437500 0.961718 
0.625000 -0.437500 0.908509 
0.687500 -0.437500 0.142579 
0.750000 -0.437500 0.259327 
0.812500 -0.437500 0.241795 
0.875000 -0.437500 0.226889 
0.937500 -0.437500 0.093106 
-1.000000 -0.375000 -1.000000 
-0.937500 -0.375000 0.008406 
-0.875000 -0.375000 -0.979146 
-0.812500 -0.375000 -0.899002 
-0.750000 -0.375000 -1.000000 
-0.687500 -0.375000 -0.647270 
-0.625000 -0.375000 0.325232 
-0.562500 -0.375000 0.293525 
-0.500000 -0.375000 -0.573234 
-0.437500 -0.375000 0.773963 
-0.375000 -0.375000 0.810067 
-0.312500 -0.375000 0.825260 
-0.250000 -0.375000 0.792736 
-0.187500 -0.375000 0.506225 
-0.125000 -0.375000 -0.068058 
-0.062500 -0.375000 0.781259 
0.000000 -0.375000 0.635996 
0.062500 -0.375000 0.253714 
0.125000 -0.375000 0.553468 
0.187500 -0.375000 0.498933 
0.250000 -0.375000 1.280639 
0.312500 -0.375000 1.456524 
0.375000 -0.375000 1.303554 
0.437500 -0.375000 1.214110 
0.500000 -0.375000 1.146379 
0.562500 -0.375000 1.079968 
0.625000 -0.375000 1.003141 
0.687500 -0.375000 0.095032 
0.750000 -0.375000 0.291341 
0.812500 -0.375000 0.275525 
0.875000 -0.375000 0.256875 
0.937500 -0.375000 -0.651095 
-1.000000 -0.312500 -1.000000 
-0.937500 -0.312500 0.219995 
-0.875000 -0.312500 0.260032 
-0.812500 -0.312500 0.324304 
-0.750000 -0.312500 0.356925 
-0.687500 -0.312500 0.410325 
-0.625000 -0.312500 0.495205 
-0.562500 -0.312500 0.400974 
-0.500000 -0.312500 -0.258542 
-0.437500 -0.312500 0.783860 
-0.375000 -0.312500 0.847821 
-0.312500 -0.312500 0.907682 
-0.250000 -0.312500 0.944555 
-0.187500 -0.312500 0.877141 
-0.125000 -0.312500 1.084037 
-0.062500 -0.312500 2.879562 
0.000000 -0.312500 2.771640 
0.062500 -0.312500 2.668639 
0.125000 -0.312500 2.560078 
0.187500 -0.312500 1.565233 
0.250000 -0.312500 1.658283 
0.312500 -0.312500 1.620953 
0.375000 -0.312500 1.537202 
0.437500 -0.312500 1.477990 
0.500000 -0.312500 1.322581 
0.562500 -0.312500 1.240710 
0.625000 -0.312500 1.123641 
0.687500 -0.312500 0.090510 
0.750000 -0.312500 0.335171 
0.812500 -0.312500 0.311024 
0.875000 -0.312500 0.303118 
0.937500 -0.312500 -0.676819 
-1.000000 -0.250000 -1.000000 
-0.937500 -0.250000 0.234833 
-0.875000 -0.250000 0.295345 
-0.812500 -0.250000 0.329032 
-0.750000 -0.250000 0.394682 
-0.687500 -0.250000 0.444265 
-0.625000 -0.250000 0.489128 
-0.562500 -0.250000 0.531861 
-0.500000 -0.250000 0.347376 
-0.437500 -0.250000 0.804097 
-0.375000 -0.250000 0.872398 
-0.312500 -0.250000 0.945239 
-0.250000 -0.250000 1.008495 
-0.187500 -0.250000 0.993908 
-0.125000 -0.250000 1.244627 
-0.062500 -0.250000 3.265760 
0.000000 -0.250000 3.318238 
0.062500 -0.250000 3.128155 
0.125000 -0.250000 2.982113 
0.187500 -0.250000 1.930345 
0.250000 -0.250000 1.876703 
0.312500 -0.250000 1.881641 
0.375000 -0.250000 1.753046 
0.437500 -0.250000 1.630823 
0.500000 -0.250000 1.525962 
0.562500 -0.250000 1.385736 
0.625000 -0.250000 1.037695 
0.687500 -0.250000 -0.004337 
0.750000 -0.250000 0.353405 
0.812500 -0.250000 0.328932 
0.875000 -0.250000 0.286756 
0.937500 -0.250000 -0.298649 
-1.000000 -0.187500 -1.000000 
-0.937500 -0.187500 0.201447 
-0.875000 -0.187500 0.273281 
-0.812500 -0.187500 0.302335 
-0.750000 -0.187500 0.384444 
-0.687500 -0.187500 0.453717 
-0.625000 -0.187500 0.541364 
-0.562500 -0.187500 0.597806 
-0.500000 -0.187500 0.719204 
-0.437500 -0.187500 0.799342 
-0.375000 -0.187500 0.896930 
-0.312500 -0.187500 0.991261 
-0.250000 -0.187500 1.105235 
-0.187500 -0.187500 1.412565 
-0.125000 -0.187500 1.732895 
-0.062500 -0.187500 3.544391 
0.000000 -0.187500 3.707706 
0.062500 -0.187500 3.620264 
0.125000 -0.187500 3.397852 
0.187500 -0.187500 2.380468 
0.250000 -0.187500 2.200345 
0.312500 -0.187500 2.126121 
0.375000 -0.187500 2.063614 
0.437500 -0.187500 1.913045 
0.500000 -0.187500 1.732297 
0.562500 -0.187500 1.575226 
0.625000 -0.187500 1.322730 
0.687500 -0.187500 0.304499 
0.750000 -0.187500 0.416662 
0.812500 -0.187500 0.358944 
0.875000 -0.187500 0.268252 
0.937500 -0.187500 -0.655212 
-1.000000 -0.125000 -1.000000 
-0.937500 -0.125000 0.218114 
-0.875000 -0.125000 0.253369 
-0.812500 -0.125000 0.305299 
-0.750000 -0.125000 0.379440 
-0.687500 -0.125000 0.426022 
-0.625000 -0.125000 0.502264 
-0.562500 -0.125000 0.578344 
-0.500000 -0.125000 0.673841 
-0.437500 -0.125000 0.781168 
-0.375000 -0.125000 0.885513 
-0.312500 -0.125000 0.952863 
-0.250000 -0.125000 1.129910 
-0.187500 -0.125000 1.543519 
-0.125000 -0.125000 1.718938 
-0.062500 -0.125000 3.830647 
0.000000 -0.125000 4.365260 
0.062500 -0.125000 4.171681 
0.125000 -0.125000 3.673012 
0.187500 -0.125000 2.428338 
0.250000 -0.125000 2.107421 
0.312500 -0.125000 2.033843 
0.375000 -0.125000 1.916318 
0.437500 -0.125000 1.810582 
0.500000 -0.125000 1.730981 
0.562500 -0.125000 1.661084 
0.625000 -0.125000 1.381369 
0.687500 -0.125000 0.267292 
0.750000 -0.125000 -0.650907 
0.812500 -0.125000 -0.713166 
0.875000 -0.125000 0.240083 
0.937500 -0.125000 -0.786833 
-1.000000 -0.062500 -1.000000 
-0.937500 -0.062500 0.187558 
-0.875000 -0.062500 0.249004 
-0.812500 -0.062500 0.296179 
-0.750000 -0.062500 0.335612 
-0.687500 -0.062500 0.402915 
-0.625000 -0.062500 0.479800 
-0.562500 -0.062500 0.544714 
-0.500000 -0.062500 0.634519 
-0.437500 -0.062500 0.743222 
-0.375000 -0.062500 0.796359 
-0.312500 -0.062500 0.949455 
-0.250000 -0.062500 1.023448 
-0.187500 -0.062500 1.101275 
-0.125000 -0.062500 1.899403 
-0.062500 -0.062500 3.464987 
0.000000 -0.062500 1.796003 
0.062500 -0.062500 0.776110 
0.125000 -0.062500 3.227009 
0.187500 -0.062500 1.685977 
0.250000 -0.062500 1.994327 
0.312500 -0.062500 1.906228 
0.375000 -0.062500 1.832220 
0.437500 -0.062500 1.644944 
0.500000 -0.062500 1.650270 
0.562500 -0.062500 1.563101 
0.625000 -0.062500 1.263571 
0.687500 -0.062500 0.098322 
0.750000 -0.062500 -0.839145 
0.812500 -0.062500 -0.590796 
0.875000 -0.062500 0.224783 
0.937500 -0.062500 -0.578571 
-1.000000 0.000000 -1.000000 
-0.937500 0.000000 0.176312 
-0.875000 0.000000 0.225746 
-0.812500 0.000000 0.260309 
-0.750000 0.000000 0.316580 
-0.687500 0.000000 0.386011 
-0.625000 0.000000 0.450036 
-0.562500 0.000000 0.521953 
-0.500000 0.000000 0.600047 
-0.437500 0.000000 0.703938 
-0.375000 0.000000 -0.145000 
-0.312500 0.000000 0.921993 
-0.250000 0.000000 0.995273 
-0.187500 0.000000 1.089205 
-0.125000 0.000000 1.171412 
-0.062500 0.000000 3.311172 
0.000000 0.000000 3.149116 
0.062500 0.000000 2.813025 
0.125000 0.000000 2.978350 
0.187500 0.000000 1.854049 
0.250000 0.000000 1.804556 
0.312500 0.000000 1.866121 
0.375000 0.000000 1.793727 
0.437500 0.000000 0.705229 
0.500000 0.000000 1.548499 
0.562500 0.000000 1.445806 
0.625000 0.000000 1.338994 
0.687500 0.000000 0.196908 
0.750000 0.000000 0.571824 
0.812500 0.000000 0.573877 
0.875000 0.000000 0.539936 
0.937500 0.000000 -0.460547 
-1.000000 0.062500 -1.000000 
-0.937500 0.062500 0.168549 
-0.875000 0.062500 0.218665 
-0.812500 0.062500 0.239007 
-0.750000 0.062500 0.301535 
-0.687500 0.062500 0.341744 
-0.625000 0.062500 0.406225 
-0.562500 0.062500 0.472576 
-0.500000 0.062500 0.556642 
-0.437500 0.062500 0.662620 
-0.375000 0.062500 -0.373048 
-0.312500 0.062500 0.882400 
-0.250000 0.062500 0.952960 
-0.187500 0.062500 0.879654 
-0.125000 0.062500 0.854183 
-0.062500 0.062500 3.171917 
0.000000 0.062500 3.026394 
0.062500 0.062500 2.867157 
0.125000 0.062500 2.877870 
0.187500 0.062500 1.758571 
0.250000 0.062500 1.794334 
0.312500 0.062500 1.805595 
0.375000 0.062500 1.706815 
0.437500 0.062500 0.557572 
0.500000 0.062500 1.425590 
0.562500 0.062500 1.313171 
0.625000 0.062500 1.217669 
0.687500 0.062500 0.103841 
0.750000 0.062500 0.668177 
0.812500 0.062500 0.644975 
0.875000 0.062500 0.607735 
0.937500 0.062500 -0.209202 
-1.000000 0.125000 -1.000000 
-0.937500 0.125000 0.155471 
-0.875000 0.125000 0.199014 
-0.812500 0.125000 0.220588 
-0.750000 0.125000 0.267279 
-0.687500 0.125000 0.299649 
-0.625000 0.125000 0.368546 
-0.562500 0.125000 0.440796 
-0.500000 0.125000 0.506560 
-0.437500 0.125000 0.613752 
-0.375000 0.125000 -0.369964 
-0.312500 0.125000 0.838823 
-0.250000 0.125000 0.915148 
-0.187500 0.125000 0.801702 
-0.125000 0.125000 1.002787 
-0.062500 0.125000 3.023189 
0.000000 0.125000 2.866972 
0.062500 0.125000 2.713910 
0.125000 0.125000 2.748055 
0.187500 0.125000 1.662423 
0.250000 0.125000 1.650796 
0.312500 0.125000 1.705075 
0.375000 0.125000 1.573145 
0.437500 0.125000 0.454078 
0.500000 0.125000 1.311855 
0.562500 0.125000 1.215166 
0.625000 0.125000 1.129037 
0.687500 0.125000 0.036232 
0.750000 0.125000 0.728110 
0.812500 0.125000 0.760018 
0.875000 0.125000 0.714548 
0.937500 0.125000 -0.233340 
-1.000000 0.187500 -1.000000 
-0.937500 0.187500 0.139363 
-0.875000 0.187500 0.183706 
-0.812500 0.187500 0.205442 
-0.750000 0.187500 0.247233 
-0.687500 0.187500 0.266161 
-0.625000 0.187500 0.345121 
-0.562500 0.187500 0.407698 
-0.500000 0.187500 0.485873 
-0.437500 0.187500 0.560574 
-0.375000 0.187500 -0.283893 
-0.312500 0.187500 0.877400 
-0.250000 0.187500 0.837203 
-0.187500 0.187500 0.697050 
-0.125000 0.187500 0.249094 
-0.062500 0.187500 2.115694 
0.000000 0.187500 2.717685 
0.062500 0.187500 2.569759 
0.125000 0.187500 1.636819 
0.187500 0.187500 0.619971 
0.250000 0.187500 1.520985 
0.312500 0.187500 1.596487 
0.375000 0.187500 1.473347 
0.437500 0.187500 0.380120 
0.500000 0.187500 1.191087 
0.562500 0.187500 1.099023 
0.625000 0.187500 1.045797 
0.687500 0.187500 0.962505 
0.750000 0.187500 0.906959 
0.812500 0.187500 0.851668 
0.875000 0.187500 0.795855 
0.937500 0.187500 -0.544039 
-1.000000 0.250000 -1.000000 
-0.937500 0.250000 0.109015 
-0.875000 0.250000 0.171816 
-0.812500 0.250000 0.133807 
-0.750000 0.250000 0.200205 
-0.687500 0.250000 0.203319 
-0.625000 0.250000 -0.020573 
-0.562500 0.250000 0.356203 
-0.500000 0.250000 0.407772 
-0.437500 0.250000 0.488676 
-0.375000 0.250000 -0.523470 
-0.312500 0.250000 1.010940 
-0.250000 0.250000 1.024944 
-0.187500 0.250000 1.136112 
-0.125000 0.250000 0.582906 
-0.062500 0.250000 1.862265 
0.000000 0.250000 2.567210 
0.062500 0.250000 2.428225 
0.125000 0.250000 1.413866 
0.187500 0.250000 0.882851 
0.250000 0.250000 1.471655 
0.312500 0.250000 1.509730 
0.375000 0.250000 1.387059 
0.437500 0.250000 0.313714 
0.500000 0.250000 1.081077 
0.562500 0.250000 1.011110 
0.625000 0.250000 0.956809 
0.687500 0.250000 0.904782 
0.750000 0.250000 0.855320 
0.812500 0.250000 0.806453 
0.875000 0.250000 0.760313 
0.937500 0.250000 -0.405987 
-1.000000 0.312500 -1.000000 
-0.937500 0.312500 0.099368 
-0.875000 0.312500 0.157168 
-0.812500 0.312500 -0.816665 
-0.750000 0.312500 -0.843097 
-0.687500 0.312500 -0.853149 
-0.625000 0.312500 -0.876116 
-0.562500 0.312500 0.331624 
-0.500000 0.312500 0.370280 
-0.437500 0.312500 0.238077 
-0.375000 0.312500 -0.612417 
-0.312500 0.312500 1.083299 
-0.250000 0.312500 1.303897 
-0.187500 0.312500 1.533758 
-0.125000 0.312500 1.744152 
-0.062500 0.312500 2.170622 
0.000000 0.312500 2.427999 
0.062500 0.312500 2.284380 
0.125000 0.312500 2.146059 
0.187500 0.312500 2.014999 
0.250000 0.312500 1.903889 
0.312500 0.312500 1.787427 
0.375000 0.312500 1.668554 
0.437500 0.312500 0.633946 
0.500000 0.312500 0.969208 
0.562500 0.312500 0.945941 
0.625000 0.312500 0.904348 
0.687500 0.312500 0.855043 
0.750000 0.312500 0.803056 
0.812500 0.312500 0.760076 
0.875000 0.312500 0.721516 
0.937500 0.312500 -0.191715 
-1.000000 0.375000 -1.000000 
-0.937500 0.375000 0.095704 
-0.875000 0.375000 0.145907 
-0.812500 0.375000 -0.244586 
-0.750000 0.375000 -0.164068 
-0.687500 0.375000 -0.035509 
-0.625000 0.375000 -1.000000 
-0.562500 0.375000 0.298974 
-0.500000 0.375000 0.320364 
-0.437500 0.375000 0.353424 
-0.375000 0.375000 -0.045119 
-0.312500 0.375000 1.092429 
-0.250000 0.375000 1.286663 
-0.187500 0.375000 1.449140 
-0.125000 0.375000 1.619949 
-0.062500 0.375000 2.048378 
0.000000 0.375000 2.261759 
0.062500 0.375000 2.145096 
0.125000 0.375000 2.019235 
0.187500 0.375000 1.906933 
0.250000 0.375000 1.797552 
0.312500 0.375000 1.694871 
0.375000 0.375000 1.584353 
0.437500 0.375000 0.229636 
0.500000 0.375000 0.887970 
0.562500 0.375000 0.892079 
0.625000 0.375000 0.851058 
0.687500 0.375000 0.804677 
0.750000 0.375000 0.758411 
0.812500 0.375000 0.720768 
0.875000 0.375000 0.683630 
0.937500 0.375000 -0.512534 
-1.000000 0.437500 -1.000000 
-0.937500 0.437500 0.095039 
-0.875000 0.437500 0.135020 
-0.812500 0.437500 0.132311 
-0.750000 0.437500 0.147104 
-0.687500 0.437500 0.154867 
-0.625000 0.437500 -0.844919 
-0.562500 0.437500 0.269931 
-0.500000 0.437500 0.294082 
-0.437500 0.437500 0.264279 
-0.375000 0.437500 -0.544452 
-0.312500 0.437500 0.984833 
-0.250000 0.437500 1.176412 
-0.187500 0.437500 1.368014 
-0.125000 0.437500 1.540434 
-0.062500 0.437500 1.779315 
0.000000 0.437500 2.122337 
0.062500 0.437500 2.005451 
0.125000 0.437500 1.902805 
0.187500 0.437500 1.797700 
0.250000 0.437500 1.693715 
0.312500 0.437500 1.584495 
0.375000 0.437500 1.494780 
0.437500 0.437500 0.573111 
0.500000 0.437500 0.795951 
0.562500 0.437500 0.838584 
0.625000 0.437500 0.800500 
0.687500 0.437500 0.755040 
0.750000 0.437500 0.718513 
0.812500 0.437500 0.682310 
0.875000 0.437500 0.647152 
0.937500 0.437500 -0.723293 
-1.000000 0.500000 -1.000000 
-0.937500 0.500000 0.103617 
-0.875000 0.500000 0.124811 
-0.812500 0.500000 0.131453 
-0.750000 0.500000 0.147457 
-0.687500 0.500000 0.144737 
-0.625000 0.500000 -0.868253 
-0.562500 0.500000 0.250779 
-0.500000 0.500000 0.271254 
-0.437500 0.500000 0.249179 
-0.375000 0.500000 -0.767138 
-0.312500 0.500000 -0.032131 
-0.250000 0.500000 0.104412 
-0.187500 0.500000 0.284719 
-0.125000 0.500000 0.474948 
-0.062500 0.500000 0.679341 
0.000000 0.500000 1.021404 
0.062500 0.500000 0.906964 
0.125000 0.500000 0.794531 
0.187500 0.500000 0.692839 
0.250000 0.500000 0.584070 
0.312500 0.500000 0.484814 
0.375000 0.500000 0.406203 
0.437500 0.500000 -0.592525 
0.500000 0.500000 0.808488 
0.562500 0.500000 0.792534 
0.625000 0.500000 0.756457 
0.687500 0.500000 0.713562 
0.750000 0.500000 0.680785 
0.812500 0.500000 0.647376 
0.875000 0.500000 0.615113 
0.937500 0.500000 -0.228322 
-1.000000 0.562500 -1.000000 
-0.937500 0.562500 0.107252 
-0.875000 0.562500 0.117596 
-0.812500 0.562500 0.124080 
-0.750000 0.562500 0.134154 
-0.687500 0.562500 0.128056 
-0.625000 0.562500 -0.874733 
-0.562500 0.562500 0.226890 
-0.500000 0.562500 0.249477 
-0.437500 0.562500 0.231595 
-0.375000 0.562500 -0.776820 
-0.312500 0.562500 -0.992668 
-0.250000 0.562500 -0.884676 
-0.187500 0.562500 -0.545951 
-0.125000 0.562500 -0.490856 
-0.062500 0.562500 -0.337084 
0.000000 0.562500 0.033359 
0.062500 0.562500 -0.123373 
0.125000 0.562500 -0.237250 
0.187500 0.562500 -0.209454 
0.250000 0.562500 -0.452809 
0.312500 0.562500 -0.492352 
0.375000 0.562500 -0.618016 
0.437500 0.562500 -0.198084 
0.500000 0.562500 0.773540 
0.562500 0.562500 0.747066 
0.625000 0.562500 0.708944 
0.687500 0.562500 0.674396 
0.750000 0.562500 0.644557 
0.812500 0.562500 0.614928 
0.875000 0.562500 0.584562 
0.937500 0.562500 -0.742266 
-1.000000 0.625000 -1.000000 
-0.937500 0.625000 0.112160 
-0.875000 0.625000 0.125197 
-0.812500 0.625000 0.140718 
-0.750000 0.625000 0.147534 
-0.687500 0.625000 0.135117 
-0.625000 0.625000 -0.795718 
-0.562500 0.625000 0.209493 
-0.500000 0.625000 0.229211 
-0.437500 0.625000 0.215338 
-0.375000 0.625000 0.204509 
-0.312500 0.625000 0.197644 
-0.250000 0.625000 0.192423 
-0.187500 0.625000 0.184864 
-0.125000 0.625000 0.181518 
-0.062500 0.625000 0.202867 
0.000000 0.625000 0.232334 
0.062500 0.625000 0.267274 
0.125000 0.625000 0.312394 
0.187500 0.625000 0.352717 
0.250000 0.625000 0.446516 
0.312500 0.625000 0.510892 
0.375000 0.625000 0.543861 
0.437500 0.625000 0.621295 
0.500000 0.625000 0.712392 
0.562500 0.625000 0.707079 
0.625000 0.625000 0.673018 
0.687500 0.625000 0.638935 
0.750000 0.625000 0.609511 
0.812500 0.625000 0.583481 
0.875000 0.625000 0.550703 
0.937500 0.625000 -0.383904 
-1.000000 0.687500 -1.000000 
-0.937500 0.687500 0.113076 
-0.875000 0.687500 0.135616 
-0.812500 0.687500 0.155274 
-0.750000 0.687500 0.199493 
-0.687500 0.687500 0.209183 
-0.625000 0.687500 0.213957 
-0.562500 0.687500 0.209939 
-0.500000 0.687500 0.215160 
-0.437500 0.687500 0.208742 
-0.375000 0.687500 0.206805 
-0.312500 0.687500 0.206497 
-0.250000 0.687500 0.203184 
-0.187500 0.687500 0.197898 
-0.125000 0.687500 0.187039 
-0.062500 0.687500 0.206751 
0.000000 0.687500 0.229018 
0.062500 0.687500 0.281550 
0.125000 0.687500 0.323249 
0.187500 0.687500 0.349537 
0.250000 0.687500 0.477697 
0.312500 0.687500 0.586126 
0.375000 0.687500 0.534760 
0.437500 0.687500 0.614079 
0.500000 0.687500 0.673490 
0.562500 0.687500 0.670964 
0.625000 0.687500 0.638566 
0.687500 0.687500 0.606491 
0.750000 0.687500 0.575717 
0.812500 0.687500 0.551103 
0.875000 0.687500 0.521330 
0.937500 0.687500 -0.204323 
-1.000000 0.750000 -1.000000 
-0.937500 0.750000 0.100483 
-0.875000 0.750000 0.126590 
-0.812500 0.750000 0.163496 
-0.750000 0.750000 0.197634 
-0.687500 0.750000 0.216845 
-0.625000 0.750000 0.215573 
-0.562500 0.750000 0.216413 
-0.500000 0.750000 0.221759 
-0.437500 0.750000 0.218671 
-0.375000 0.750000 0.214652 
-0.312500 0.750000 0.211579 
-0.250000 0.750000 0.213912 
-0.187500 0.750000 0.201479 
-0.125000 0.750000 0.190047 
-0.062500 0.750000 0.186879 
0.000000 0.750000 0.222316 
0.062500 0.750000 0.247296 
0.125000 0.750000 0.301728 
0.187500 0.750000 0.342764 
0.250000 0.750000 0.410660 
0.312500 0.750000 0.447880 
0.375000 0.750000 0.519600 
0.437500 0.750000 0.574377 
0.500000 0.750000 0.637712 
0.562500 0.750000 0.637404 
0.625000 0.750000 0.606244 
0.687500 0.750000 0.575443 
0.750000 0.750000 0.545669 
0.812500 0.750000 0.527952 
0.875000 0.750000 0.516878 
0.937500 0.750000 -0.818356 
-1.000000 0.812500 -1.000000 
-0.937500 0.812500 0.091073 
-0.875000 0.812500 0.112704 
-0.812500 0.812500 0.137579 
-0.750000 0.812500 0.179751 
-0.687500 0.812500 0.198858 
-0.625000 0.812500 0.213677 
-0.562500 0.812500 0.222513 
-0.500000 0.812500 0.229939 
-0.437500 0.812500 0.237303 
-0.375000 0.812500 0.236767 
-0.312500 0.812500 0.226003 
-0.250000 0.812500 0.204854 
-0.187500 0.812500 0.192627 
-0.125000 0.812500 0.173760 
-0.062500 0.812500 0.183482 
0.000000 0.812500 0.212260 
0.062500 0.812500 0.232408 
0.125000 0.812500 0.291059 
0.187500 0.812500 0.331757 
0.250000 0.812500 0.377575 
0.312500 0.812500 0.446262 
0.375000 0.812500 0.509314 
0.437500 0.812500 0.553836 
0.500000 0.812500 0.607286 
0.562500 0.812500 0.605715 
0.625000 0.812500 0.575454 
0.687500 0.812500 0.546297 
0.750000 0.812500 0.540564 
0.812500 0.812500 0.528238 
0.875000 0.812500 0.536726 
0.937500 0.812500 -0.207823 
-1.000000 0.875000 -1.000000 
-0.937500 0.875000 0.090529 
-0.875000 0.875000 0.087782 
-0.812500 0.875000 0.106587 
-0.750000 0.875000 0.085773 
-0.687500 0.875000 0.052822 
-0.625000 0.875000 0.204738 
-0.562500 0.875000 0.226280 
-0.500000 0.875000 0.233407 
-0.437500 0.875000 0.229436 
-0.375000 0.875000 0.200293 
-0.312500 0.875000 0.209798 
-0.250000 0.875000 0.190380 
-0.187500 0.875000 0.173994 
-0.125000 0.875000 0.155083 
-0.062500 0.875000 0.166088 
0.000000 0.875000 0.195786 
0.062500 0.875000 0.219497 
0.125000 0.875000 0.262108 
0.187500 0.875000 0.304090 
0.250000 0.875000 0.349654 
0.312500 0.875000 0.418952 
0.375000 0.875000 0.390967 
0.437500 0.875000 0.252806 
0.500000 0.875000 0.455118 
0.562500 0.875000 0.575204 
0.625000 0.875000 0.545789 
0.687500 0.875000 0.517213 
0.750000 0.875000 0.532593 
0.812500 0.875000 0.528996 
0.875000 0.875000 0.531748 
0.937500 0.875000 0.024430 
-1.000000 0.937500 -1.000000 
-0.937500 0.937500 -1.000000 
-0.875000 0.937500 -1.000000 
-0.812500 0.937500 -1.000000 
-0.750000 0.937500 -1.000000 
-0.687500 0.937500 -1.000000 
-0.625000 0.937500 -1.000000 
-0.562500 0.937500 -1.000000 
-0.500000 0.937500 -1.000000 
-0.437500 0.937500 -1.000000 
-0.375000 0.937500 -1.000000 
-0.312500 0.937500 -1.000000 
-0.250000 0.937500 -1.000000 
-0.187500 0.937500 -1.000000 
-0.125000 0.937500 -1.000000 
-0.062500 0.937500 -1.000000 
0.000000 0.937500 -1.000000 
0.062500 0.937500 -1.000000 
0.125000 0.937500 -1.000000 
0.187500 0.937500 -1.000000 
0.250000 0.937500 -1.000000 
0.312500 0.937500 -1.000000 
0.375000 0.937500 -1.000000 
0.437500 0.937500 -1.000000 
0.500000 0.937500 -0.926683 
0.562500 0.937500 -1.000000 
0.625000 0.937500 -1.000000 
0.687500 0.937500 -0.758218 
0.750000 0.937500 -0.931063 
0.812500 0.937500 -1.000000 
0.875000 0.937500 -1.000000 
0.937500 0.937500 -1.000000 
